-0.501883 , 0.398007 , 0.301681
-0.499514 , 0.402496 , 0.305802
-0.493333 , 0.409092 , 0.310128
-0.487013 , 0.415576 , 0.314451
-0.480555 , 0.421946 , 0.318772
-0.473962 , 0.428198 , 0.323089
-0.467235 , 0.434329 , 0.327403
-0.460377 , 0.440338 , 0.331713
-0.45339 , 0.446221 , 0.336018
-0.446276 , 0.451975 , 0.340317
-0.439038 , 0.457598 , 0.344611
-0.431679 , 0.463088 , 0.348899
-0.424201 , 0.468442 , 0.35318
-0.416605 , 0.473657 , 0.357453
-0.408896 , 0.478731 , 0.361719
-0.401076 , 0.483662 , 0.365977
-0.393147 , 0.488448 , 0.370225
-0.385112 , 0.493085 , 0.374465
-0.376974 , 0.497573 , 0.378694
-0.368736 , 0.501908 , 0.382913
-0.3604 , 0.506089 , 0.387122
-0.35197 , 0.510113 , 0.391318
-0.343449 , 0.513979 , 0.395504
-0.334839 , 0.517685 , 0.399676
-0.326145 , 0.521228 , 0.403836
-0.317367 , 0.524608 , 0.407983
-0.308511 , 0.527822 , 0.412116
-0.299579 , 0.530868 , 0.416234
-0.290574 , 0.533746 , 0.420338
-0.2815 , 0.536453 , 0.424426
-0.27236 , 0.538988 , 0.428498
-0.263156 , 0.541349 , 0.432554
-0.253894 , 0.543535 , 0.436594
-0.244575 , 0.545545 , 0.440616
-0.235203 , 0.547378 , 0.44462
-0.225782 , 0.549032 , 0.448607
-0.216315 , 0.550506 , 0.452574
-0.206805 , 0.5518 , 0.456522
-0.197257 , 0.552911 , 0.460451
-0.187673 , 0.55384 , 0.46436
-0.178057 , 0.554586 , 0.468248
-0.168413 , 0.555147 , 0.472115
-0.158745 , 0.555524 , 0.47596
-0.149054 , 0.555715 , 0.479783
-0.139347 , 0.555719 , 0.483585
-0.129625 , 0.555537 , 0.487363
-0.119893 , 0.555168 , 0.491118
-0.110154 , 0.554612 , 0.494849
-0.100412 , 0.553868 , 0.498556
-0.0906709 , 0.552936 , 0.502238
-0.0809337 , 0.551816 , 0.505895
-0.0712043 , 0.550508 , 0.509526
-0.0614865 , 0.549012 , 0.513132
-0.0517838 , 0.547328 , 0.516711
-0.0420999 , 0.545456 , 0.520263
-0.0324385 , 0.543396 , 0.523788
-0.0228033 , 0.54115 , 0.527286
-0.0131978 , 0.538716 , 0.530755
-0.00362581 , 0.536096 , 0.534196
0.00590913 , 0.53329 , 0.537608
0.0154034 , 0.530299 , 0.54099
0.0248533 , 0.527123 , 0.544343
0.0342552 , 0.523763 , 0.547666
0.0436056 , 0.52022 , 0.550958
0.052901 , 0.516494 , 0.554219
0.0621376 , 0.512588 , 0.557449
0.071312 , 0.5085 , 0.560647
0.0804206 , 0.504234 , 0.563813
0.0894599 , 0.49979 , 0.566946
0.0984265 , 0.495169 , 0.570047
0.107317 , 0.490372 , 0.573115
0.116127 , 0.485401 , 0.576149
0.124855 , 0.480257 , 0.579149
0.133496 , 0.474942 , 0.582114
0.142047 , 0.469457 , 0.585045
0.150505 , 0.463804 , 0.587941
0.158867 , 0.457985 , 0.590802
0.167129 , 0.452001 , 0.593627
0.175287 , 0.445855 , 0.596416
0.18334 , 0.439547 , 0.599168
0.191283 , 0.433081 , 0.601884
0.199114 , 0.426457 , 0.604563
0.206829 , 0.419679 , 0.607205
0.214425 , 0.412748 , 0.609808
0.2219 , 0.405666 , 0.612374
0.22925 , 0.398436 , 0.614902
0.236473 , 0.391061 , 0.617391
0.243565 , 0.383541 , 0.619841
0.250523 , 0.375881 , 0.622252
0.257346 , 0.368082 , 0.624623
0.26403 , 0.360147 , 0.626955
0.270573 , 0.352078 , 0.629247
0.276971 , 0.343879 , 0.631498
0.283222 , 0.335551 , 0.633709
0.289325 , 0.327098 , 0.635879
0.295275 , 0.318522 , 0.638008
0.301071 , 0.309827 , 0.640096
0.306711 , 0.301015 , 0.642142
0.312192 , 0.292089 , 0.644146
0.317512 , 0.283052 , 0.646108
0.322668 , 0.273907 , 0.648028
0.327659 , 0.264658 , 0.649905
0.332482 , 0.255307 , 0.65174
0.337135 , 0.245858 , 0.653531
0.341617 , 0.236313 , 0.655279
0.345926 , 0.226677 , 0.656984
0.350059 , 0.216951 , 0.658646
0.354015 , 0.207141 , 0.660263
0.357792 , 0.197248 , 0.661837
0.361388 , 0.187277 , 0.663366
0.364803 , 0.177231 , 0.664851
0.368034 , 0.167113 , 0.666291
0.37108 , 0.156927 , 0.667687
0.373939 , 0.146676 , 0.669037
0.376611 , 0.136364 , 0.670343
0.379094 , 0.125994 , 0.671603
0.381387 , 0.11557 , 0.672819
0.383488 , 0.105097 , 0.673988
0.385397 , 0.0945758 , 0.675112
0.387113 , 0.0840121 , 0.67619
0.388635 , 0.073409 , 0.677223
0.389962 , 0.0627702 , 0.678209
0.391093 , 0.0520995 , 0.679149
0.392028 , 0.0414006 , 0.680043
0.392766 , 0.0306772 , 0.68089
0.393306 , 0.0199331 , 0.681691
0.393648 , 0.00917204 , 0.682445
0.393792 , -0.00160217 , 0.683153
0.393737 , -0.0123858 , 0.683814
0.393484 , -0.0231749 , 0.684428
0.393031 , -0.0339659 , 0.684996
0.392379 , -0.0447548 , 0.685516
0.391528 , -0.055538 , 0.685989
0.390478 , -0.0663115 , 0.686416
0.389229 , -0.0770715 , 0.686795
0.387781 , -0.0878144 , 0.687127
0.386135 , -0.0985362 , 0.687411
0.384291 , -0.109233 , 0.687649
0.382248 , -0.119902 , 0.687839
0.380009 , -0.130538 , 0.687982
0.377573 , -0.141137 , 0.688077
0.374941 , -0.151697 , 0.688126
0.372114 , -0.162214 , 0.688127
0.369092 , -0.172683 , 0.68808
0.365877 , -0.183101 , 0.687986
0.362468 , -0.193464 , 0.687845
0.358869 , -0.203768 , 0.687657
0.355079 , -0.214011 , 0.687421
0.351099 , -0.224187 , 0.687138
0.346931 , -0.234294 , 0.686808
0.342576 , -0.244329 , 0.686431
0.338036 , -0.254286 , 0.686007
0.333311 , -0.264164 , 0.685535
0.328404 , -0.273958 , 0.685017
0.323316 , -0.283665 , 0.684451
0.318049 , -0.293281 , 0.683839
0.312604 , -0.302803 , 0.68318
0.306983 , -0.312228 , 0.682474
0.301187 , -0.321553 , 0.681721
0.29522 , -0.330773 , 0.680922
0.289082 , -0.339886 , 0.680076
0.282777 , -0.348888 , 0.679184
0.276305 , -0.357777 , 0.678246
0.269669 , -0.366548 , 0.677262
0.262871 , -0.3752 , 0.676231
0.255914 , -0.383729 , 0.675155
0.2488 , -0.392131 , 0.674033
0.241531 , -0.400404 , 0.672865
0.23411 , -0.408545 , 0.671652
0.226539 , -0.416551 , 0.670393
0.218821 , -0.424419 , 0.669089
0.210958 , -0.432147 , 0.667741
0.202953 , -0.439731 , 0.666347
0.194809 , -0.447169 , 0.664908
0.186529 , -0.454459 , 0.663425
0.178115 , -0.461597 , 0.661898
0.169571 , -0.468581 , 0.660326
0.160898 , -0.47541 , 0.658711
0.152101 , -0.482079 , 0.657051
0.143182 , -0.488587 , 0.655348
0.134144 , -0.494932 , 0.653602
0.124991 , -0.501112 , 0.651812
0.115725 , -0.507123 , 0.64998
0.10635 , -0.512965 , 0.648105
0.0968685 , -0.518635 , 0.646187
0.0872845 , -0.524131 , 0.644226
0.0776011 , -0.529451 , 0.642224
0.0678215 , -0.534593 , 0.64018
0.0579492 , -0.539556 , 0.638094
0.0479875 , -0.544338 , 0.635967
0.03794 , -0.548936 , 0.633799
0.0278101 , -0.55335 , 0.63159
0.0176013 , -0.557578 , 0.629341
0.0073171 , -0.561619 , 0.627051
-0.00303886 , -0.565471 , 0.624721
-0.013463 , -0.569132 , 0.622352
-0.0239517 , -0.572602 , 0.619943
-0.0345014 , -0.575879 , 0.617495
-0.0451084 , -0.578963 , 0.615008
-0.0489714 , -0.581228 , 0.622435
-0.0503773 , -0.583761 , 0.626966
-0.0643629 , -0.584578 , 0.626409
-0.0658837 , -0.587462 , 0.630653
-0.076349 , -0.589296 , 0.63331
-0.0774223 , -0.590314 , 0.640667
-0.074817 , -0.592346 , 0.650785
-0.0772699 , -0.595524 , 0.657111
-0.0823349 , -0.59861 , 0.652714
-0.0767002 , -0.595886 , 0.665141
-0.0708304 , -0.597308 , 0.670842
-0.0796001 , -0.599585 , 0.670994
-0.0797398 , -0.604303 , 0.675177
-0.0826036 , -0.605426 , 0.680735
-0.0951883 , -0.607083 , 0.68362
-0.094642 , -0.605581 , 0.691531
-0.0989995 , -0.606797 , 0.699554
-0.110974 , -0.609854 , 0.700599
-0.11188 , -0.610311 , 0.703366
-0.108799 , -0.609697 , 0.711405
-0.108084 , -0.609678 , 0.716546
-0.119522 , -0.611418 , 0.713599
-0.130988 , -0.612948 , 0.710601
-0.142479 , -0.614269 , 0.70755
-0.141388 , -0.616477 , 0.713038
-0.137016 , -0.618028 , 0.723716
-0.137925 , -0.616841 , 0.733546
-0.135764 , -0.615666 , 0.744796
-0.145491 , -0.613932 , 0.749968
-0.14043 , -0.613058 , 0.759533
-0.132068 , -0.611228 , 0.769171
-0.13683 , -0.613136 , 0.766609
-0.136099 , -0.613616 , 0.775672
-0.147183 , -0.614218 , 0.77599
-0.155478 , -0.609875 , 0.783513
-0.158813 , -0.6106 , 0.791901
-0.167603 , -0.611254 , 0.794228
-0.179842 , -0.611855 , 0.792036
-0.192104 , -0.61222 , 0.789796
-0.188666 , -0.611537 , 0.797798
-0.190534 , -0.607505 , 0.810492
-0.187257 , -0.609053 , 0.815518
-0.181916 , -0.603557 , 0.829452
-0.19424 , -0.604101 , 0.825876
-0.195734 , -0.605354 , 0.832116
-0.194418 , -0.606928 , 0.835932
-0.198868 , -0.607705 , 0.840504
-0.197881 , -0.611115 , 0.844161
-0.190748 , -0.610251 , 0.853191
-0.185056 , -0.612309 , 0.854016
-0.189059 , -0.609813 , 0.857192
-0.193329 , -0.614574 , 0.855901
-0.205602 , -0.612233 , 0.855075
-0.199338 , -0.61014 , 0.862532
-0.191961 , -0.608808 , 0.870151
-0.195733 , -0.607394 , 0.875025
-0.196934 , -0.60321 , 0.882685
-0.189308 , -0.600532 , 0.895891
-0.183062 , -0.592126 , 0.908444
-0.175502 , -0.590632 , 0.917791
-0.174803 , -0.589755 , 0.926859
-0.172217 , -0.582495 , 0.932847
-0.180292 , -0.587667 , 0.929812
-0.175184 , -0.586695 , 0.936394
-0.180701 , -0.581 , 0.945403
-0.173266 , -0.571769 , 0.959814
-0.173284 , -0.571135 , 0.961237
-0.16826 , -0.570304 , 0.964852
-0.168842 , -0.568794 , 0.960294
-0.162095 , -0.56516 , 0.963554
-0.157267 , -0.560213 , 0.973268
-0.150304 , -0.552614 , 0.984558
-0.142351 , -0.551552 , 0.985124
-0.137501 , -0.551333 , 0.991218
-0.13677 , -0.550177 , 0.995557
-0.129021 , -0.547423 , 1.00202
-0.125214 , -0.546751 , 1.00412
-0.121688 , -0.541542 , 1.0105
-0.123874 , -0.545134 , 1.01202
-0.116015 , -0.542712 , 1.02191
-0.113304 , -0.542515 , 1.02329
-0.115878 , -0.547042 , 1.0227
-0.119818 , -0.545284 , 1.02886
-0.113404 , -0.543647 , 1.03347
-0.107788 , -0.539241 , 1.03962
-0.109404 , -0.537342 , 1.04398
-0.107343 , -0.533041 , 1.04445
-0.111078 , -0.534197 , 1.04687
-0.104404 , -0.531508 , 1.05155
-0.0961618 , -0.524884 , 1.05824
-0.0935777 , -0.517325 , 1.06715
-0.0844207 , -0.511022 , 1.07607
-0.0778791 , -0.510767 , 1.07883
-0.0823445 , -0.513386 , 1.07963
-0.0743731 , -0.509355 , 1.08728
-0.0845254 , -0.511993 , 1.08867
-0.0841386 , -0.51059 , 1.09019
-0.0918968 , -0.510667 , 1.09168
-0.0905397 , -0.506705 , 1.098
-0.0850243 , -0.500591 , 1.10332
-0.0900731 , -0.500301 , 1.10405
-0.0814423 , -0.495047 , 1.10764
-0.0790503 , -0.499764 , 1.10746
-0.0763494 , -0.49741 , 1.11188
-0.0662526 , -0.486694 , 1.12311
-0.0554113 , -0.476468 , 1.13346
-0.0556637 , -0.473318 , 1.13193
-0.0520742 , -0.467123 , 1.1346
-0.0358237 , -0.459275 , 1.13966
-0.0212213 , -0.449707 , 1.1489
-0.00988828 , -0.443906 , 1.15436
-0.0104013 , -0.448262 , 1.15402
-0.0021888 , -0.447575 , 1.1534
0.0114259 , -0.4381 , 1.15968
0.0111383 , -0.438203 , 1.16293
0.0132978 , -0.435872 , 1.16274
0.0227321 , -0.432468 , 1.16703
0.0283529 , -0.432201 , 1.17097
0.0404433 , -0.42405 , 1.17449
0.0496439 , -0.415321 , 1.18216
0.0548115 , -0.416243 , 1.18268
0.058333 , -0.415475 , 1.18236
0.0639117 , -0.41631 , 1.18137
0.0719041 , -0.406027 , 1.18865
0.0827868 , -0.39241 , 1.19766
0.0915971 , -0.387159 , 1.20108
0.103622 , -0.374034 , 1.20837
0.110426 , -0.366416 , 1.21227
0.11546 , -0.363876 , 1.21491
0.120575 , -0.359439 , 1.2179
0.116326 , -0.363838 , 1.21873
0.126938 , -0.353953 , 1.22238
0.137308 , -0.348151 , 1.22377
0.148534 , -0.333598 , 1.22959
0.153574 , -0.323721 , 1.23432
0.149949 , -0.329843 , 1.2345
0.160093 , -0.318048 , 1.23928
0.166406 , -0.307206 , 1.24404
0.169893 , -0.30157 , 1.24804
0.17618 , -0.291527 , 1.25256
0.180443 , -0.288904 , 1.25493
0.180631 , -0.288957 , 1.25656
0.18917 , -0.270805 , 1.26121
0.199812 , -0.257488 , 1.26456
0.198387 , -0.262877 , 1.26445
0.201321 , -0.260526 , 1.26574
0.204877 , -0.252576 , 1.26886
0.204036 , -0.253962 , 1.26909
0.203914 , -0.251974 , 1.27154
0.201648 , -0.253024 , 1.27296
0.20372 , -0.252528 , 1.2742
0.206257 , -0.2459 , 1.27619
0.207179 , -0.244751 , 1.27768
0.206601 , -0.243968 , 1.27835
0.19628 , -0.256496 , 1.27705
0.199069 , -0.250609 , 1.27957
0.205085 , -0.239851 , 1.28258
0.212478 , -0.227993 , 1.2851
0.213017 , -0.228208 , 1.28552
0.215058 , -0.22608 , 1.28651
0.211497 , -0.231592 , 1.28697
0.21221 , -0.230993 , 1.28768
0.206545 , -0.236184 , 1.28843
0.219039 , -0.220297 , 1.29026
0.21781 , -0.220782 , 1.29101
0.213256 , -0.224419 , 1.29178
0.211617 , -0.22803 , 1.29147
0.214 , -0.224876 , 1.29199
0.210175 , -0.228942 , 1.29164
0.206887 , -0.232549 , 1.29166
0.210828 , -0.228005 , 1.29185
0.208093 , -0.231416 , 1.29164
0.208595 , -0.229965 , 1.29239
0.203242 , -0.232942 , 1.29331
0.200075 , -0.235646 , 1.29379
0.196365 , -0.239195 , 1.29388
0.194576 , -0.240438 , 1.29429
0.19219 , -0.242245 , 1.29441
0.191693 , -0.241877 , 1.29489
0.198779 , -0.236234 , 1.2947
0.199132 , -0.236267 , 1.29452
0.214933 , -0.219308 , 1.29514
0.224743 , -0.207693 , 1.2956
0.222497 , -0.208755 , 1.29605
0.229024 , -0.203107 , 1.2955
0.229258 , -0.201002 , 1.29603
0.230755 , -0.199946 , 1.2958
0.232886 , -0.197731 , 1.29563
0.222171 , -0.208511 , 1.29568
0.217327 , -0.211355 , 1.29625
0.222737 , -0.204878 , 1.29629
0.23114 , -0.196525 , 1.29577
0.228279 , -0.197362 , 1.2965
0.232137 , -0.194617 , 1.29553
0.231449 , -0.196257 , 1.29508
0.239776 , -0.190734 , 1.29374
0.237718 , -0.19215 , 1.29339
0.23751 , -0.194186 , 1.29196
0.242495 , -0.189368 , 1.29144
0.23678 , -0.195158 , 1.29181
0.239296 , -0.195343 , 1.29031
0.238955 , -0.193153 , 1.29072
0.238471 , -0.193949 , 1.2905
0.245365 , -0.18778 , 1.28968
0.240319 , -0.193508 , 1.28937
0.250229 , -0.188356 , 1.28631
0.245631 , -0.190802 , 1.28667
0.242482 , -0.195381 , 1.28526
0.240126 , -0.196486 , 1.28563
0.238279 , -0.196951 , 1.28568
0.242888 , -0.192144 , 1.28587
0.247356 , -0.186224 , 1.28578
0.241235 , -0.191609 , 1.28602
0.239626 , -0.195143 , 1.28464
0.243135 , -0.190105 , 1.28434
0.24308 , -0.191518 , 1.28317
0.243769 , -0.191559 , 1.28172
0.251958 , -0.186732 , 1.27943
0.253694 , -0.188154 , 1.2775
0.252527 , -0.189218 , 1.2771
0.244589 , -0.197008 , 1.27653
0.245179 , -0.197165 , 1.27522
0.235096 , -0.205293 , 1.27558
0.24659 , -0.201024 , 1.27209
0.254044 , -0.199977 , 1.26972
0.245328 , -0.205809 , 1.27036
0.238711 , -0.211578 , 1.26992
0.233666 , -0.216903 , 1.26932
0.230487 , -0.217405 , 1.26996
0.226259 , -0.219667 , 1.27034
0.216999 , -0.223853 , 1.27221
0.207658 , -0.227762 , 1.27404
0.198245 , -0.231392 , 1.27583
0.188766 , -0.234743 , 1.27759
0.17923 , -0.237813 , 1.27931
0.169644 , -0.240601 , 1.281
0.160016 , -0.243106 , 1.28265
0.150353 , -0.245329 , 1.28426
0.140664 , -0.247268 , 1.28584
0.130956 , -0.248924 , 1.28738
0.121237 , -0.250297 , 1.28888
0.111515 , -0.251388 , 1.29035
0.101796 , -0.252196 , 1.29178
0.0920896 , -0.252724 , 1.29317
0.0824025 , -0.25297 , 1.29452
0.0727423 , -0.252938 , 1.29583
0.0631167 , -0.252628 , 1.29711
0.0535331 , -0.252042 , 1.29835
0.0439988 , -0.251181 , 1.29955
0.0345213 , -0.250048 , 1.30071
0.0251079 , -0.248645 , 1.30183
0.0157656 , -0.246974 , 1.30292
0.00650178 , -0.245038 , 1.30396
-0.00267664 , -0.242839 , 1.30497
-0.0117627 , -0.240381 , 1.30594
-0.0207494 , -0.237666 , 1.30687
-0.0296302 , -0.234698 , 1.30776
-0.0383982 , -0.231481 , 1.30861
-0.0470469 , -0.228017 , 1.30942
-0.0555699 , -0.224311 , 1.31019
-0.0639608 , -0.220367 , 1.31092
-0.0722135 , -0.216189 , 1.31162
-0.0803217 , -0.211781 , 1.31227
-0.0810513 , -0.2122 , 1.31112
-0.0715832 , -0.215459 , 1.30982
-0.0745088 , -0.216685 , 1.30834
-0.0666297 , -0.216762 , 1.30724
-0.0540803 , -0.218171 , 1.30593
-0.0511542 , -0.215096 , 1.30655
-0.0590513 , -0.210797 , 1.3074
-0.0451366 , -0.209095 , 1.3076
-0.049643 , -0.206944 , 1.3083
-0.0525692 , -0.203938 , 1.30765
-0.0357734 , -0.2099 , 1.30561
-0.0443114 , -0.20511 , 1.30675
-0.0419455 , -0.204443 , 1.3069
-0.0418876 , -0.201005 , 1.3073
-0.0438567 , -0.19768 , 1.30778
-0.0458839 , -0.194602 , 1.30834
-0.0262965 , -0.199118 , 1.30606
-0.0359443 , -0.193673 , 1.30738
-0.0397865 , -0.190058 , 1.3078
-0.032077 , -0.190636 , 1.30645
-0.0209238 , -0.192774 , 1.30537
-0.0266046 , -0.186314 , 1.3071
-0.0349289 , -0.183394 , 1.30813
-0.031591 , -0.182118 , 1.30689
-0.0291291 , -0.181897 , 1.3054
-0.0114914 , -0.188665 , 1.30354
-0.00319747 , -0.19143 , 1.30109
-0.0141985 , -0.184582 , 1.30306
-0.0249851 , -0.177416 , 1.30489
-0.0234098 , -0.176674 , 1.30382
-0.0192691 , -0.180668 , 1.30157
-0.00876366 , -0.186952 , 1.29925
-0.00487654 , -0.187289 , 1.29856
-0.00823644 , -0.182259 , 1.30037
-0.000165699 , -0.185666 , 1.29927
-0.0103882 , -0.17794 , 1.30131
-0.0203738 , -0.169929 , 1.30321
-0.0261748 , -0.16461 , 1.3042
-0.0293517 , -0.162398 , 1.30541
-0.0205593 , -0.166488 , 1.30266
-0.0265217 , -0.161078 , 1.30346
-0.0323063 , -0.155525 , 1.30422
-0.0242547 , -0.157185 , 1.30183
-0.0134732 , -0.161653 , 1.30105
-0.0191935 , -0.158288 , 1.30054
-0.0107948 , -0.160687 , 1.29826
-0.0204906 , -0.151076 , 1.30027
-0.0299082 , -0.141202 , 1.30211
-0.0390393 , -0.131072 , 1.30378
-0.0389344 , -0.131761 , 1.30317
-0.0446169 , -0.125888 , 1.30425
-0.0541985 , -0.115588 , 1.30595
-0.0635227 , -0.105053 , 1.30747
-0.0725825 , -0.0942907 , 1.3088
-0.0813712 , -0.0833075 , 1.30995
-0.0898823 , -0.0721117 , 1.31092
-0.0981094 , -0.0607109 , 1.31171
-0.106047 , -0.0491133 , 1.31231
-0.113688 , -0.0373269 , 1.31274
-0.121028 , -0.0253602 , 1.31298
-0.128062 , -0.0132216 , 1.31304
-0.134783 , -0.000919695 , 1.31293
-0.141189 , 0.0115367 , 1.31264
-0.147273 , 0.0241387 , 1.31217
-0.153032 , 0.0368774 , 1.31153
-0.158462 , 0.0497437 , 1.31071
-0.16356 , 0.0627283 , 1.30972
-0.16832 , 0.0758221 , 1.30855
-0.172742 , 0.0890156 , 1.30722
-0.176821 , 0.1023 , 1.30572
-0.180555 , 0.115664 , 1.30405
-0.183942 , 0.1291 , 1.30221
-0.186979 , 0.142598 , 1.30021
-0.189666 , 0.156148 , 1.29805
-0.192 , 0.169741 , 1.29572
-0.193981 , 0.183366 , 1.29324
-0.195607 , 0.197015 , 1.29059
-0.196878 , 0.210677 , 1.28779
-0.197793 , 0.224344 , 1.28484
-0.205034 , 0.230398 , 1.28253
-0.210472 , 0.231577 , 1.28167
-0.22181 , 0.248348 , 1.27706
-0.226339 , 0.259427 , 1.27352
-0.22467 , 0.249827 , 1.27553
-0.230342 , 0.248564 , 1.27536
-0.235411 , 0.244234 , 1.27504
-0.240817 , 0.24371 , 1.27424
-0.242773 , 0.238368 , 1.27483
-0.248763 , 0.242673 , 1.27281
-0.25797 , 0.255177 , 1.26862
-0.270529 , 0.270789 , 1.26248
-0.277391 , 0.275208 , 1.25987
-0.286309 , 0.275158 , 1.2595
-0.29176 , 0.273474 , 1.25916
-0.293547 , 0.264015 , 1.26189
-0.295734 , 0.253553 , 1.26461
-0.299798 , 0.251729 , 1.26366
-0.306621 , 0.250715 , 1.26204
-0.314341 , 0.258083 , 1.25869
-0.317809 , 0.256046 , 1.25833
-0.325983 , 0.258319 , 1.25683
-0.332624 , 0.253235 , 1.25736
-0.336965 , 0.249069 , 1.25734
-0.343931 , 0.246822 , 1.25601
-0.357217 , 0.254557 , 1.25127
-0.366021 , 0.250389 , 1.24979
-0.36722 , 0.253775 , 1.24832
-0.375891 , 0.253356 , 1.24565
-0.385418 , 0.253901 , 1.24301
-0.383211 , 0.251835 , 1.24411
-0.391141 , 0.266067 , 1.23794
-0.395199 , 0.273423 , 1.23437
-0.404397 , 0.286641 , 1.22767
-0.410852 , 0.295828 , 1.22268
-0.412447 , 0.300993 , 1.22047
-0.419314 , 0.315575 , 1.21334
-0.430171 , 0.329674 , 1.20353
-0.436275 , 0.339567 , 1.19711
-0.442126 , 0.340651 , 1.19361
-0.447043 , 0.341571 , 1.19063
-0.449356 , 0.334444 , 1.19135
-0.464367 , 0.338935 , 1.18385
-0.458567 , 0.323056 , 1.19198
-0.467003 , 0.31463 , 1.19101
-0.469915 , 0.310565 , 1.18954
-0.472846 , 0.30734 , 1.18757
-0.473696 , 0.303775 , 1.18706
-0.47643 , 0.314775 , 1.18094
-0.476087 , 0.32102 , 1.17802
-0.478135 , 0.307977 , 1.18092
-0.482313 , 0.300617 , 1.18017
-0.488766 , 0.296207 , 1.17708
-0.500947 , 0.300148 , 1.16919
-0.504388 , 0.296604 , 1.16644
-0.504596 , 0.308314 , 1.16194
-0.501581 , 0.310806 , 1.16149
-0.506478 , 0.302843 , 1.16005
-0.511391 , 0.315433 , 1.153
-0.511611 , 0.327319 , 1.14761
-0.523523 , 0.340348 , 1.13469
-0.531497 , 0.343707 , 1.12712
-0.537474 , 0.350494 , 1.1184
-0.535551 , 0.357903 , 1.11652
-0.539671 , 0.372184 , 1.10678
-0.552777 , 0.387238 , 1.09205
-0.568729 , 0.396563 , 1.07695
-0.574197 , 0.408056 , 1.06669
-0.580559 , 0.420992 , 1.0563
-0.585548 , 0.41175 , 1.05568
-0.586906 , 0.40524 , 1.05687
-0.596963 , 0.411961 , 1.04478
-0.60166 , 0.42053 , 1.03479
-0.607317 , 0.424075 , 1.02907
-0.621248 , 0.434111 , 1.01286
-0.628479 , 0.430145 , 1.00614
-0.635732 , 0.425826 , 0.999431
-0.641056 , 0.441794 , 0.985441
-0.646406 , 0.456722 , 0.971349
-0.655578 , 0.46366 , 0.957088
-0.658385 , 0.461531 , 0.952217
-0.668596 , 0.452333 , 0.94872
-0.681712 , 0.45726 , 0.932241
-0.688143 , 0.451675 , 0.925842
-0.690375 , 0.439598 , 0.930323
-0.695983 , 0.429866 , 0.927126
-0.694385 , 0.44377 , 0.918017
-0.696657 , 0.451131 , 0.907081
-0.690863 , 0.459639 , 0.903103
-0.695586 , 0.473005 , 0.886661
-0.703647 , 0.463107 , 0.882966
-0.707792 , 0.462368 , 0.87549
-0.71566 , 0.456221 , 0.869397
-0.724422 , 0.465162 , 0.850581
-0.722058 , 0.472286 , 0.841966
-0.728696 , 0.471907 , 0.829908
-0.728379 , 0.482135 , 0.817378
-0.740026 , 0.479594 , 0.801538
-0.74703 , 0.484758 , 0.78272
-0.751547 , 0.4724 , 0.781931
-0.755049 , 0.468921 , 0.772706
-0.761443 , 0.462819 , 0.762515
-0.764092 , 0.458337 , 0.754797
-0.770031 , 0.451847 , 0.745546
-0.775738 , 0.445645 , 0.734978
-0.779768 , 0.434338 , 0.733327
-0.785778 , 0.429585 , 0.724354
-0.78238 , 0.432211 , 0.720543
-0.78537 , 0.423721 , 0.718468
-0.789279 , 0.412655 , 0.721313
-0.794165 , 0.408488 , 0.709909
-0.801492 , 0.401049 , 0.703929
-0.802317 , 0.385407 , 0.712722
-0.809398 , 0.383818 , 0.697992
-0.814595 , 0.369553 , 0.696005
-0.818253 , 0.358518 , 0.690228
-0.823183 , 0.35017 , 0.679951
-0.82742 , 0.33591 , 0.677326
-0.831752 , 0.332843 , 0.663499
-0.832066 , 0.329085 , 0.658728
-0.833599 , 0.326952 , 0.654199
-0.833389 , 0.318014 , 0.651746
-0.835412 , 0.303856 , 0.651787
-0.83461 , 0.296485 , 0.653264
-0.837732 , 0.290826 , 0.640571
-0.841617 , 0.281108 , 0.63499
-0.845491 , 0.284949 , 0.618831
-0.850748 , 0.281372 , 0.601389
-0.852359 , 0.279109 , 0.587986
-0.858892 , 0.268231 , 0.578523
-0.860011 , 0.264273 , 0.566849
-0.860972 , 0.262421 , 0.561329
-0.860203 , 0.261094 , 0.555929
-0.860093 , 0.253128 , 0.548279
-0.861182 , 0.240413 , 0.545589
-0.864827 , 0.241959 , 0.532249
-0.865982 , 0.235547 , 0.517507
-0.864253 , 0.228533 , 0.512064
-0.863914 , 0.225583 , 0.50999
-0.864482 , 0.225844 , 0.501993
-0.863698 , 0.220545 , 0.509786
-0.863405 , 0.21964 , 0.501041
-0.86066 , 0.228878 , 0.499518
-0.859912 , 0.225725 , 0.502091
-0.859398 , 0.223731 , 0.50018
-0.859012 , 0.221684 , 0.499313
-0.859385 , 0.210161 , 0.493196
-0.856094 , 0.219413 , 0.489532
-0.855541 , 0.217791 , 0.482826
-0.855617 , 0.211069 , 0.474282
-0.854744 , 0.213798 , 0.467165
-0.854027 , 0.224812 , 0.450048
-0.850088 , 0.23597 , 0.435343
-0.850522 , 0.231244 , 0.426275
-0.85029 , 0.226574 , 0.4171
-0.849469 , 0.218187 , 0.40765
-0.848148 , 0.223463 , 0.386628
-0.845292 , 0.214068 , 0.38251
-0.844926 , 0.201191 , 0.375372
-0.844383 , 0.189095 , 0.367137
-0.841214 , 0.185771 , 0.357458
-0.837459 , 0.195953 , 0.344507
-0.834948 , 0.19063 , 0.33426
-0.829485 , 0.196438 , 0.321992
-0.824861 , 0.199072 , 0.309725
-0.821861 , 0.20924 , 0.304894
-0.819931 , 0.203508 , 0.299072
-0.815015 , 0.205806 , 0.290625
-0.80961 , 0.211426 , 0.279098
-0.81106 , 0.205328 , 0.269185
-0.807537 , 0.205173 , 0.258467
-0.806022 , 0.210623 , 0.258158
-0.808661 , 0.208293 , 0.261525
-0.805143 , 0.217876 , 0.256452
-0.803498 , 0.219817 , 0.253801
-0.79976 , 0.230351 , 0.249296
-0.796088 , 0.226129 , 0.237411
-0.792149 , 0.236641 , 0.232882
-0.788499 , 0.233378 , 0.224219
-0.788449 , 0.231103 , 0.222275
-0.784104 , 0.241062 , 0.217122
-0.780662 , 0.239654 , 0.202336
-0.776281 , 0.249624 , 0.197778
-0.771721 , 0.259495 , 0.193235
-0.766984 , 0.269265 , 0.188708
-0.762073 , 0.278931 , 0.184196
-0.756988 , 0.288488 , 0.1797
-0.751734 , 0.297935 , 0.175221
-0.746312 , 0.307267 , 0.170759
-0.740725 , 0.316481 , 0.166315
-0.734976 , 0.325576 , 0.16189
-0.729066 , 0.334546 , 0.157483
-0.723 , 0.343391 , 0.153096
-0.716778 , 0.352106 , 0.148729
-0.710405 , 0.36069 , 0.144383
-0.703883 , 0.369138 , 0.140057
-0.697214 , 0.37745 , 0.135753
-0.690403 , 0.385621 , 0.131472
-0.683451 , 0.39365 , 0.127212
-0.676362 , 0.401533 , 0.122977
-0.669139 , 0.409269 , 0.118764
-0.661785 , 0.416855 , 0.114576
-0.654995 , 0.412116 , 0.0986623
-0.647668 , 0.418615 , 0.0942021
-0.639296 , 0.416086 , 0.078861
-0.636175 , 0.412762 , 0.0757339
-0.628774 , 0.419572 , 0.0721071
-0.621262 , 0.426234 , 0.0685076
-0.621769 , 0.42801 , 0.0693502
-0.62167 , 0.420383 , 0.0635115
-0.62095 , 0.414738 , 0.0620983
-0.619304 , 0.408788 , 0.0588353
-0.616835 , 0.406416 , 0.0549677
-0.612131 , 0.404724 , 0.0476203
-0.609599 , 0.404852 , 0.0493756
-0.609104 , 0.407535 , 0.0522165
-0.609341 , 0.404057 , 0.0494493
-0.605717 , 0.40354 , 0.0484879
-0.605107 , 0.40085 , 0.0464002
-0.603566 , 0.399269 , 0.0475632
-0.601883 , 0.39659 , 0.0450429
-0.601883 , 0.39659 , 0.0450429
-0.604506 , 0.394796 , 0.0465909
-0.609994 , 0.392848 , 0.0545453
-0.611383 , 0.392932 , 0.0514202
-0.611797 , 0.393249 , 0.0467845
-0.6106 , 0.398021 , 0.0451308
-0.610517 , 0.403708 , 0.0443412
-0.612488 , 0.399712 , 0.0426807
-0.61429 , 0.404137 , 0.0452095
-0.610583 , 0.40572 , 0.0402855
-0.608075 , 0.414722 , 0.0445744
-0.611129 , 0.417445 , 0.0481795
-0.614079 , 0.417923 , 0.0493546
-0.61989 , 0.422889 , 0.0586035
-0.62002 , 0.435464 , 0.0674772
-0.626218 , 0.433016 , 0.0776351
-0.622115 , 0.443749 , 0.0822936
-0.620539 , 0.455092 , 0.086766
-0.621817 , 0.459341 , 0.0930569
-0.622007 , 0.471255 , 0.101658
-0.619968 , 0.482554 , 0.103155
-0.626762 , 0.481602 , 0.107324
-0.630221 , 0.485568 , 0.115918
-0.637682 , 0.484551 , 0.126626
-0.645175 , 0.480227 , 0.134956
-0.652613 , 0.479006 , 0.147579
-0.653713 , 0.479557 , 0.149709
-0.651249 , 0.48267 , 0.150325
-0.648652 , 0.486554 , 0.150641
-0.654671 , 0.480007 , 0.158853
-0.652943 , 0.48149 , 0.162546
-0.653215 , 0.490101 , 0.169299
-0.648007 , 0.500952 , 0.173843
-0.648163 , 0.509105 , 0.180732
-0.648818 , 0.513293 , 0.189708
-0.646863 , 0.520009 , 0.19205
-0.653644 , 0.518098 , 0.198518
-0.652758 , 0.524968 , 0.203571
-0.650181 , 0.536069 , 0.215094
-0.65293 , 0.539514 , 0.22118
-0.654764 , 0.545024 , 0.232614
-0.650762 , 0.555013 , 0.240473
-0.645833 , 0.56176 , 0.252965
-0.652033 , 0.559199 , 0.254282
-0.658028 , 0.556215 , 0.255528
-0.662731 , 0.548428 , 0.256288
-0.65964 , 0.550263 , 0.259744
-0.65252 , 0.557753 , 0.256673
-0.644928 , 0.568289 , 0.260077
-0.64397 , 0.574861 , 0.258967
-0.644626 , 0.582297 , 0.274482
-0.645765 , 0.58615 , 0.292834
-0.645723 , 0.589388 , 0.302328
-0.654199 , 0.585909 , 0.317586
-0.653349 , 0.592583 , 0.326317
-0.66286 , 0.586885 , 0.3407
-0.6705 , 0.578673 , 0.356967
-0.66946 , 0.582923 , 0.377342
-0.679506 , 0.576658 , 0.380563
-0.677588 , 0.583832 , 0.389107
-0.671112 , 0.594172 , 0.397095
-0.667001 , 0.600968 , 0.410161
-0.67522 , 0.593198 , 0.425469
-0.671462 , 0.602496 , 0.434154
-0.669799 , 0.610731 , 0.431379
-0.659898 , 0.620211 , 0.441138
-0.653322 , 0.629148 , 0.449835
-0.644964 , 0.639338 , 0.456692
-0.639827 , 0.647846 , 0.463384
-0.635162 , 0.653592 , 0.475653
-0.639727 , 0.654602 , 0.48438
-0.63474 , 0.663223 , 0.483049
-0.62879 , 0.667189 , 0.492814
-0.630792 , 0.669906 , 0.497071
-0.627436 , 0.674198 , 0.510095
-0.635889 , 0.668631 , 0.515927
-0.632141 , 0.67314 , 0.517035
-0.624774 , 0.680961 , 0.516354
-0.61387 , 0.690305 , 0.523475
-0.609395 , 0.696914 , 0.528802
-0.602493 , 0.706327 , 0.522442
-0.598157 , 0.711264 , 0.529523
-0.591753 , 0.71666 , 0.534745
-0.583948 , 0.722337 , 0.543202
-0.584571 , 0.722977 , 0.556544
-0.579078 , 0.72795 , 0.558747
-0.575821 , 0.727966 , 0.572737
-0.582426 , 0.720842 , 0.588354
-0.592709 , 0.713806 , 0.590704
-0.585836 , 0.711978 , 0.607428
-0.583537 , 0.714416 , 0.616935
-0.59173 , 0.707825 , 0.622324
-0.587671 , 0.713581 , 0.627857
-0.595865 , 0.706791 , 0.637825
-0.589724 , 0.71429 , 0.642278
-0.594991 , 0.706753 , 0.651642
-0.58871 , 0.712283 , 0.658238
-0.586766 , 0.707853 , 0.672029
-0.596522 , 0.700086 , 0.677029
-0.603995 , 0.693684 , 0.68526
-0.605232 , 0.686252 , 0.700571
-0.609656 , 0.678973 , 0.711575
-0.613954 , 0.671055 , 0.718661
-0.609539 , 0.677672 , 0.717921
-0.601431 , 0.682286 , 0.721115
-0.599151 , 0.682357 , 0.729724
-0.593021 , 0.686758 , 0.737149
-0.583059 , 0.697129 , 0.733811
-0.575601 , 0.705835 , 0.733765
-0.569156 , 0.70941 , 0.740821
-0.566243 , 0.704694 , 0.75599
-0.558631 , 0.700744 , 0.773239
-0.548589 , 0.701964 , 0.784449
-0.537612 , 0.710039 , 0.787747
-0.535914 , 0.713093 , 0.78953
-0.529157 , 0.716594 , 0.795592
-0.519801 , 0.722263 , 0.797928
-0.522203 , 0.710244 , 0.812188
-0.525626 , 0.699572 , 0.826388
-0.520362 , 0.701784 , 0.83045
-0.51388 , 0.703158 , 0.83933
-0.504135 , 0.700992 , 0.854041
-0.497072 , 0.698619 , 0.863586
-0.501619 , 0.684881 , 0.876681
-0.488134 , 0.687068 , 0.885984
-0.480822 , 0.687372 , 0.893553
-0.468926 , 0.689244 , 0.901501
-0.461482 , 0.689463 , 0.908959
-0.454478 , 0.688925 , 0.918441
-0.445942 , 0.683252 , 0.929828
-0.441985 , 0.684963 , 0.934322
-0.44276 , 0.68387 , 0.938866
-0.426528 , 0.684973 , 0.946211
-0.427099 , 0.670555 , 0.960137
-0.418258 , 0.657939 , 0.977585
-0.417224 , 0.659953 , 0.979332
-0.406033 , 0.663155 , 0.982484
-0.396289 , 0.650984 , 0.999156
-0.386917 , 0.659046 , 0.997361
-0.377373 , 0.672322 , 0.989508
-0.370749 , 0.676966 , 0.989462
-0.361836 , 0.682234 , 0.9898
-0.358735 , 0.686311 , 0.989381
-0.352386 , 0.690559 , 0.988004
-0.347079 , 0.694742 , 0.988906
-0.341904 , 0.693283 , 0.996126
-0.332102 , 0.692734 , 1.00218
-0.327159 , 0.694133 , 1.00546
-0.324636 , 0.701448 , 1.00364
-0.318798 , 0.697143 , 1.01268
-0.311196 , 0.69235 , 1.02015
-0.305246 , 0.688159 , 1.02631
-0.29797 , 0.700842 , 1.01736
-0.29162 , 0.708031 , 1.01539
-0.286364 , 0.712586 , 1.01523
-0.287628 , 0.707329 , 1.02168
-0.284969 , 0.705518 , 1.02623
-0.279533 , 0.702066 , 1.03207
-0.277275 , 0.690825 , 1.04398
-0.268424 , 0.684693 , 1.05333
-0.261137 , 0.689728 , 1.05245
-0.256051 , 0.694477 , 1.05237
-0.248636 , 0.690008 , 1.05882
-0.245891 , 0.687282 , 1.06333
-0.243964 , 0.675322 , 1.07397
-0.238729 , 0.672248 , 1.07926
-0.23595 , 0.67107 , 1.08221
-0.228636 , 0.668082 , 1.08782
-0.224265 , 0.660775 , 1.09455
-0.218519 , 0.661162 , 1.09606
-0.211636 , 0.65255 , 1.10235
-0.203711 , 0.639384 , 1.11264
-0.193951 , 0.631773 , 1.11921
-0.187586 , 0.61839 , 1.12961
-0.18789 , 0.613335 , 1.13204
-0.183671 , 0.605694 , 1.1381
-0.181855 , 0.604866 , 1.13961
-0.183148 , 0.598659 , 1.14406
-0.175887 , 0.585203 , 1.15315
-0.179881 , 0.579504 , 1.15598
-0.187565 , 0.56812 , 1.1615
-0.194981 , 0.556562 , 1.16692
-0.202125 , 0.544836 , 1.17224
-0.208992 , 0.532947 , 1.17747
-0.21558 , 0.520903 , 1.1826
-0.221885 , 0.50871 , 1.18763
-0.227904 , 0.496374 , 1.19256
-0.233632 , 0.483903 , 1.19739
-0.239067 , 0.471302 , 1.20212
-0.244207 , 0.458578 , 1.20674
-0.249048 , 0.445739 , 1.21126
-0.253587 , 0.432791 , 1.21568
-0.257823 , 0.41974 , 1.21999
-0.261753 , 0.406596 , 1.22419
-0.265375 , 0.393363 , 1.22829
-0.268686 , 0.380049 , 1.23228
-0.271686 , 0.366662 , 1.23616
-0.274372 , 0.353209 , 1.23993
-0.276743 , 0.339697 , 1.24359
-0.278798 , 0.326133 , 1.24713
-0.280536 , 0.312524 , 1.25057
-0.281955 , 0.298879 , 1.2539
-0.283055 , 0.285204 , 1.25711
-0.283835 , 0.271506 , 1.2602
-0.284296 , 0.257793 , 1.26319
-0.284436 , 0.244073 , 1.26605
-0.284255 , 0.230353 , 1.26881
-0.283755 , 0.21664 , 1.27144
-0.282934 , 0.202942 , 1.27396
-0.281794 , 0.189266 , 1.27636
-0.280335 , 0.175619 , 1.27864
-0.278558 , 0.16201 , 1.28081
-0.276464 , 0.148445 , 1.28285
-0.274053 , 0.134931 , 1.28477
-0.271328 , 0.121476 , 1.28658
-0.26829 , 0.108088 , 1.28826
-0.264941 , 0.0947724 , 1.28982
-0.261282 , 0.081538 , 1.29126
-0.257315 , 0.0683913 , 1.29258
-0.253043 , 0.0553396 , 1.29378
-0.248468 , 0.0423899 , 1.29485
-0.243592 , 0.0295491 , 1.2958
-0.238419 , 0.0168243 , 1.29663
-0.23295 , 0.00422232 , 1.29733
-0.227189 , -0.00825008 , 1.29791
-0.22114 , -0.0205861 , 1.29836
-0.214805 , -0.0327792 , 1.29869
-0.208188 , -0.0448227 , 1.2989
-0.201293 , -0.05671 , 1.29897
-0.194123 , -0.068435 , 1.29893
-0.186682 , -0.0799911 , 1.29876
-0.178975 , -0.0913722 , 1.29846
-0.169374 , -0.104079 , 1.29812
-0.166035 , -0.112129 , 1.29771
-0.164092 , -0.11474 , 1.29727
-0.160646 , -0.116654 , 1.29612
-0.1517 , -0.127715 , 1.29545
-0.142501 , -0.138567 , 1.29465
-0.133052 , -0.149204 , 1.29372
-0.114016 , -0.16531 , 1.29478
-0.123327 , -0.163998 , 1.29295
-0.118975 , -0.167884 , 1.293
-0.113403 , -0.174113 , 1.29219
-0.100618 , -0.187019 , 1.29111
-0.103382 , -0.184842 , 1.29001
-0.0989255 , -0.191588 , 1.28772
-0.104272 , -0.189707 , 1.28678
-0.09539 , -0.19926 , 1.28519
-0.0864623 , -0.208712 , 1.28343
-0.0968241 , -0.208284 , 1.28095
-0.100415 , -0.210917 , 1.27983
-0.0915156 , -0.219748 , 1.27862
-0.0910777 , -0.225116 , 1.27592
-0.0794117 , -0.23468 , 1.27385
-0.0868972 , -0.229713 , 1.27341
-0.0776659 , -0.238815 , 1.27117
-0.0880639 , -0.237102 , 1.26878
-0.0752106 , -0.247452 , 1.2666
-0.0796811 , -0.249839 , 1.26359
-0.0753679 , -0.256717 , 1.26093
-0.0748104 , -0.261496 , 1.26004
-0.0731146 , -0.26574 , 1.25706
-0.0610134 , -0.27421 , 1.25443
-0.065879 , -0.272313 , 1.25221
-0.0687115 , -0.273421 , 1.25103
-0.0564554 , -0.281522 , 1.24831
-0.0631832 , -0.282622 , 1.24576
-0.0580573 , -0.288851 , 1.2423
-0.0598919 , -0.291656 , 1.23988
-0.0590771 , -0.292791 , 1.23766
-0.0518628 , -0.297454 , 1.23451
-0.0418063 , -0.304915 , 1.23117
-0.043472 , -0.307621 , 1.22738
-0.0467133 , -0.31064 , 1.22482
-0.0430486 , -0.314751 , 1.22134
-0.0375655 , -0.317118 , 1.21885
-0.034634 , -0.320169 , 1.21512
-0.0341699 , -0.322706 , 1.21194
-0.0215581 , -0.329623 , 1.20846
-0.0268589 , -0.3297 , 1.20488
-0.0335949 , -0.330106 , 1.20286
-0.0235594 , -0.336187 , 1.19966
-0.0207858 , -0.339514 , 1.19718
-0.0203028 , -0.340308 , 1.19422
-0.0161036 , -0.342728 , 1.19172
-0.0203549 , -0.341733 , 1.19093
-0.0245186 , -0.342347 , 1.18825
-0.00919131 , -0.348394 , 1.18469
-0.0116807 , -0.349817 , 1.1808
-0.0143202 , -0.351359 , 1.1798
-0.00987716 , -0.354764 , 1.17917
-0.014422 , -0.355531 , 1.17792
0.00644093 , -0.361714 , 1.17542
-0.00359856 , -0.361505 , 1.17313
0.0174069 , -0.367058 , 1.17033
0.0224357 , -0.367631 , 1.16821
0.0190917 , -0.367424 , 1.16767
0.0141169 , -0.366416 , 1.16594
0.0330452 , -0.371118 , 1.16258
0.052007 , -0.375417 , 1.15895
0.0628011 , -0.3791 , 1.1564
0.0487779 , -0.379114 , 1.15372
0.0342445 , -0.37954 , 1.15024
0.023359 , -0.380085 , 1.14734
0.0120544 , -0.378758 , 1.14532
0.0302323 , -0.383442 , 1.14143
0.0483189 , -0.387888 , 1.13714
0.0663004 , -0.392097 , 1.13246
0.0737587 , -0.394235 , 1.12737
0.0670891 , -0.39432 , 1.12522
0.065073 , -0.396318 , 1.12018
0.0548584 , -0.397894 , 1.1178
0.0423088 , -0.39783 , 1.11715
0.0347583 , -0.399137 , 1.1128
0.027312 , -0.400385 , 1.11071
0.0454837 , -0.404413 , 1.10634
0.0636442 , -0.408052 , 1.10172
0.0512948 , -0.408456 , 1.09933
0.042061 , -0.409492 , 1.09619
0.0356481 , -0.410362 , 1.09585
0.0327255 , -0.412542 , 1.09228
0.0345842 , -0.414758 , 1.08903
0.0416575 , -0.418251 , 1.08557
0.0325957 , -0.418996 , 1.08547
0.0323226 , -0.420131 , 1.08395
0.0484295 , -0.424804 , 1.07822
0.0644036 , -0.429232 , 1.07216
0.0802336 , -0.433416 , 1.06577
0.0959083 , -0.437353 , 1.05908
0.111417 , -0.441046 , 1.05207
0.126749 , -0.444493 , 1.04476
0.141893 , -0.447695 , 1.03717
0.137718 , -0.448222 , 1.03568
0.13248 , -0.449891 , 1.03224
0.124619 , -0.450942 , 1.02983
0.120386 , -0.45288 , 1.03205
0.112768 , -0.452172 , 1.03115
0.105375 , -0.452207 , 1.0292
0.0952748 , -0.453398 , 1.02727
0.088146 , -0.454909 , 1.02843
0.0889883 , -0.459716 , 1.02554
0.0849493 , -0.461742 , 1.02127
0.0777053 , -0.462838 , 1.01789
0.07337 , -0.458119 , 1.01869
0.062457 , -0.455129 , 1.02125
0.0499111 , -0.453873 , 1.01934
0.0484249 , -0.45453 , 1.01625
0.0410686 , -0.454005 , 1.01334
0.0463503 , -0.457705 , 1.00954
0.0620617 , -0.462287 , 1.00291
0.0581938 , -0.463055 , 0.999059
0.0517829 , -0.462461 , 0.99693
0.0658907 , -0.467037 , 0.989485
0.0798328 , -0.471359 , 0.981778
0.0936007 , -0.475426 , 0.973817
0.107186 , -0.479237 , 0.965612
0.102969 , -0.480369 , 0.964204
0.10486 , -0.483189 , 0.957679
0.093913 , -0.482879 , 0.959986
0.0851266 , -0.482203 , 0.956941
0.0730482 , -0.481934 , 0.957267
0.0735383 , -0.483311 , 0.959047
0.0674507 , -0.481309 , 0.957418
0.0521704 , -0.476023 , 0.962658
0.0530284 , -0.47553 , 0.959098
0.0426045 , -0.473155 , 0.961896
0.0400233 , -0.475009 , 0.959424
0.0536916 , -0.479961 , 0.951986
0.0497077 , -0.480748 , 0.951406
0.0458103 , -0.479615 , 0.954487
0.0448339 , -0.480897 , 0.951122
0.0444863 , -0.48176 , 0.947387
0.0579076 , -0.486785 , 0.939611
0.046793 , -0.481822 , 0.940621
0.0446089 , -0.480308 , 0.939641
0.0439595 , -0.482494 , 0.937793
0.0455189 , -0.485558 , 0.935712
0.0442357 , -0.486944 , 0.932488
0.0398796 , -0.484673 , 0.932706
0.0484951 , -0.487358 , 0.928142
0.0398394 , -0.484666 , 0.931687
0.0526075 , -0.490386 , 0.925018
0.0472842 , -0.489878 , 0.926352
0.0393816 , -0.487109 , 0.929708
0.0466978 , -0.485043 , 0.929716
0.0523496 , -0.485799 , 0.927692
0.054979 , -0.486562 , 0.92595
0.0555072 , -0.482202 , 0.925201
0.0593809 , -0.480001 , 0.920811
0.0722884 , -0.484942 , 0.913349
0.0730686 , -0.479524 , 0.915468
0.0714169 , -0.478302 , 0.914007
0.0639364 , -0.476435 , 0.911561
0.061207 , -0.47812 , 0.906768
0.0558364 , -0.476422 , 0.905523
0.0611218 , -0.47541 , 0.899818
0.0615618 , -0.471834 , 0.89881
0.0737432 , -0.476717 , 0.892458
0.0751282 , -0.48046 , 0.888542
0.0615875 , -0.473868 , 0.891508
0.0639879 , -0.475557 , 0.888287
0.0630625 , -0.475302 , 0.885546
0.0619003 , -0.471956 , 0.881672
0.0755074 , -0.474968 , 0.874146
0.0785021 , -0.471303 , 0.869943
0.0738934 , -0.46975 , 0.865389
0.0731049 , -0.475369 , 0.856886
0.0641338 , -0.472607 , 0.857495
0.0603311 , -0.470817 , 0.85437
0.0680627 , -0.473843 , 0.845441
0.0735266 , -0.473678 , 0.83836
0.0687685 , -0.472418 , 0.838632
0.0681529 , -0.472151 , 0.835172
0.0603292 , -0.474354 , 0.832017
0.0561067 , -0.474659 , 0.830323
0.066238 , -0.478482 , 0.823381
0.0598711 , -0.477219 , 0.822898
0.0583914 , -0.476751 , 0.821623
0.0682907 , -0.480323 , 0.814324
0.0578365 , -0.481067 , 0.812031
0.047748 , -0.480041 , 0.810561
0.0574764 , -0.48398 , 0.803574
0.0528364 , -0.481897 , 0.799783
0.057637 , -0.481016 , 0.793688
0.0641668 , -0.484016 , 0.785919
0.0584758 , -0.485566 , 0.779722
0.0457133 , -0.4844 , 0.7791
0.0368797 , -0.483319 , 0.774459
0.0333676 , -0.485644 , 0.766162
0.036106 , -0.489436 , 0.759253
0.0312004 , -0.488125 , 0.755263
0.029452 , -0.485711 , 0.751635
0.0296169 , -0.48382 , 0.746273
0.0257312 , -0.483962 , 0.744446
0.0330848 , -0.484425 , 0.741958
0.0412022 , -0.487609 , 0.734507
0.0328617 , -0.485136 , 0.735795
0.0350405 , -0.482976 , 0.735092
0.028299 , -0.481196 , 0.734558
0.0259734 , -0.480405 , 0.728408
0.035204 , -0.483075 , 0.721686
0.0294445 , -0.483573 , 0.714537
0.0240831 , -0.479726 , 0.712519
0.0175833 , -0.478029 , 0.70804
0.021197 , -0.477708 , 0.701193
0.0244733 , -0.476714 , 0.695601
0.020306 , -0.475282 , 0.690294
0.019778 , -0.473833 , 0.684252
0.0114842 , -0.471265 , 0.684176
0.0178898 , -0.473707 , 0.677107
0.0139063 , -0.474583 , 0.672909
0.0100253 , -0.471756 , 0.66748
0.0114359 , -0.470595 , 0.663228
0.00408268 , -0.470227 , 0.659679
0.000435321 , -0.468507 , 0.653014
0.00601076 , -0.470315 , 0.6482
0.00529642 , -0.467858 , 0.644198
0.000806034 , -0.466291 , 0.641153
0.00176599 , -0.465054 , 0.636947
-0.00239789 , -0.461561 , 0.635256
-0.00586945 , -0.460578 , 0.632584
-0.000758467 , -0.462391 , 0.625944
0.00421493 , -0.464069 , 0.619286
0.00905052 , -0.465613 , 0.612616
0.0137482 , -0.467026 , 0.60594
0.00641271 , -0.464837 , 0.600729
-0.0039964 , -0.464844 , 0.598714
-0.0125224 , -0.461599 , 0.59423
-0.0205422 , -0.457572 , 0.589096
-0.0257375 , -0.455361 , 0.583183
-0.0294142 , -0.453096 , 0.577348
-0.0317914 , -0.45249 , 0.574013
-0.0379361 , -0.451326 , 0.570723
-0.0414644 , -0.450028 , 0.565874
-0.04932 , -0.445789 , 0.561815
-0.0460658 , -0.446665 , 0.555448
-0.0513047 , -0.443097 , 0.554948
-0.0482717 , -0.443842 , 0.548717
-0.0453596 , -0.444468 , 0.542524
-0.0425676 , -0.444977 , 0.536373
-0.0398948 , -0.445374 , 0.530268
-0.0373402 , -0.44566 , 0.524214
-0.0349027 , -0.44584 , 0.518214
-0.0325812 , -0.445916 , 0.512272
-0.0303746 , -0.445892 , 0.506392
-0.0282815 , -0.445772 , 0.500578
-0.0263007 , -0.44556 , 0.494834
-0.0244308 , -0.445258 , 0.489162
-0.0226703 , -0.444871 , 0.483565
-0.0210179 , -0.444402 , 0.478047
-0.0194719 , -0.443856 , 0.472611
-0.0180308 , -0.443236 , 0.467258
-0.016693 , -0.442547 , 0.461993
-0.0154568 , -0.441792 , 0.456816
-0.0143207 , -0.440975 , 0.45173
-0.0132827 , -0.440101 , 0.446737
-0.0123412 , -0.439174 , 0.441839
-0.0114944 , -0.438197 , 0.437037
-0.0107405 , -0.437176 , 0.432333
-0.0100777 , -0.436114 , 0.427728
-0.00950408 , -0.435015 , 0.423223
-0.00901777 , -0.433885 , 0.41882
-0.0086169 , -0.432726 , 0.414518
-0.00829957 , -0.431543 , 0.410318
-0.00806386 , -0.43034 , 0.406222
-0.00790786 , -0.429122 , 0.402228
-0.00782962 , -0.427892 , 0.398337
-0.00782722 , -0.426655 , 0.394549
-0.00789873 , -0.425415 , 0.390863
-0.0080422 , -0.424176 , 0.38728
-0.0082557 , -0.422941 , 0.383797
-0.00853729 , -0.421715 , 0.380416
-0.00888506 , -0.420501 , 0.377134
-0.00929709 , -0.419304 , 0.373951
-0.00977146 , -0.418126 , 0.370864
-0.0103063 , -0.416973 , 0.367874
-0.0108997 , -0.415847 , 0.364978
-0.0115497 , -0.414751 , 0.362174
-0.0122546 , -0.41369 , 0.359461
-0.0130125 , -0.412667 , 0.356836
-0.0138215 , -0.411684 , 0.354298
-0.0146799 , -0.410745 , 0.351844
-0.0155859 , -0.409854 , 0.349471
-0.0165377 , -0.409012 , 0.347178
-0.0175336 , -0.408223 , 0.344962
-0.0185718 , -0.40749 , 0.342819
-0.0196506 , -0.406815 , 0.340747
-0.0207684 , -0.4062 , 0.338744
-0.0219236 , -0.405649 , 0.336805
-0.0231144 , -0.405163 , 0.334928
-0.0243394 , -0.404744 , 0.33311
-0.0255969 , -0.404395 , 0.331346
-0.0268853 , -0.404116 , 0.329635
-0.0282033 , -0.403911 , 0.327972
-0.0295492 , -0.403781 , 0.326353
-0.0309216 , -0.403726 , 0.324776
-0.032319 , -0.403749 , 0.323237
-0.0337401 , -0.40385 , 0.321731
-0.0351835 , -0.404031 , 0.320255
-0.0366477 , -0.404292 , 0.318806
-0.0381315 , -0.404635 , 0.317379
-0.0396335 , -0.405059 , 0.31597
-0.0411524 , -0.405566 , 0.314576
-0.0426871 , -0.406156 , 0.313193
-0.0442361 , -0.406828 , 0.311817
-0.0457984 , -0.407584 , 0.310444
-0.0473727 , -0.408422 , 0.309071
-0.0489578 , -0.409343 , 0.307692
-0.0505526 , -0.410346 , 0.306305
-0.052156 , -0.411431 , 0.304905
-0.0537668 , -0.412597 , 0.303489
-0.0553839 , -0.413843 , 0.302053
-0.0570063 , -0.415169 , 0.300592
-0.058633 , -0.416573 , 0.299104
-0.0602628 , -0.418055 , 0.297585
-0.0618947 , -0.419613 , 0.296031
-0.0635278 , -0.421245 , 0.294438
-0.065161 , -0.42295 , 0.292803
-0.0667933 , -0.424727 , 0.291122
-0.0684238 , -0.426574 , 0.289393
-0.0700514 , -0.428488 , 0.287611
-0.0716753 , -0.430468 , 0.285773
-0.0732946 , -0.432512 , 0.283877
-0.0749081 , -0.434617 , 0.281919
-0.0765151 , -0.436782 , 0.279896
-0.0781146 , -0.439003 , 0.277805
-0.0797057 , -0.441279 , 0.275644
-0.0812874 , -0.443607 , 0.27341
-0.0828589 , -0.445984 , 0.271099
-0.0844192 , -0.448407 , 0.268711
-0.0859675 , -0.450874 , 0.266241
-0.0875028 , -0.453383 , 0.263689
-0.0890243 , -0.455929 , 0.261052
-0.090531 , -0.45851 , 0.258327
-0.092022 , -0.461123 , 0.255513
-0.0934964 , -0.463765 , 0.252609
-0.0949533 , -0.466433 , 0.249611
-0.0963919 , -0.469123 , 0.24652
-0.0978111 , -0.471833 , 0.243333
-0.0992101 , -0.474559 , 0.240049
-0.100588 , -0.477298 , 0.236666
-0.101944 , -0.480047 , 0.233185
-0.103277 , -0.482802 , 0.229604
-0.104585 , -0.485561 , 0.225921
-0.105869 , -0.488319 , 0.222138
-0.107128 , -0.491074 , 0.218252
-0.108359 , -0.493822 , 0.214263
-0.109563 , -0.49656 , 0.210172
-0.110738 , -0.499285 , 0.205978
-0.111883 , -0.501993 , 0.201681
