-0.501883 , 0.398007 , 0.301681
-0.504187 , 0.400877 , 0.303768
-0.503472 , 0.40378 , 0.298778
-0.502671 , 0.406667 , 0.293789
-0.501786 , 0.409537 , 0.288804
-0.500815 , 0.412389 , 0.283821
-0.49976 , 0.41522 , 0.278843
-0.498621 , 0.418028 , 0.273869
-0.497399 , 0.420813 , 0.268901
-0.496095 , 0.423572 , 0.26394
-0.494708 , 0.426304 , 0.258985
-0.493241 , 0.429007 , 0.254038
-0.491693 , 0.43168 , 0.2491
-0.490065 , 0.43432 , 0.244171
-0.488358 , 0.436927 , 0.239252
-0.486573 , 0.439498 , 0.234344
-0.484711 , 0.442032 , 0.229447
-0.482773 , 0.444528 , 0.224562
-0.480759 , 0.446984 , 0.21969
-0.478671 , 0.449398 , 0.214832
-0.476509 , 0.451769 , 0.209988
-0.474275 , 0.454096 , 0.205158
-0.471969 , 0.456377 , 0.200345
-0.469593 , 0.45861 , 0.195548
-0.467147 , 0.460795 , 0.190767
-0.464634 , 0.46293 , 0.186005
-0.462053 , 0.465014 , 0.181261
-0.459407 , 0.467045 , 0.176536
-0.456696 , 0.469022 , 0.171831
-0.454105 , 0.476773 , 0.173617
-0.457866 , 0.48115 , 0.181728
-0.461359 , 0.48714 , 0.188879
-0.464007 , 0.492448 , 0.195526
-0.459566 , 0.495159 , 0.190632
-0.455058 , 0.497789 , 0.185757
-0.456736 , 0.501868 , 0.189994
-0.451906 , 0.504667 , 0.185318
-0.450624 , 0.510274 , 0.190614
-0.445737 , 0.513074 , 0.185904
-0.440787 , 0.515786 , 0.181211
-0.435846 , 0.524672 , 0.18946
-0.430663 , 0.527237 , 0.184979
-0.425425 , 0.52971 , 0.180517
-0.420135 , 0.53209 , 0.176073
-0.414795 , 0.534375 , 0.171648
-0.409407 , 0.536565 , 0.167244
-0.403973 , 0.538659 , 0.16286
-0.398495 , 0.540655 , 0.158497
-0.392974 , 0.542553 , 0.154156
-0.387414 , 0.544351 , 0.149838
-0.381816 , 0.546049 , 0.145542
-0.377202 , 0.547366 , 0.142039
-0.380279 , 0.54018 , 0.128936
-0.381491 , 0.533542 , 0.124535
-0.381458 , 0.52651 , 0.115995
-0.383486 , 0.520186 , 0.110169
-0.383505 , 0.515572 , 0.106336
-0.391055 , 0.505529 , 0.101802
-0.400541 , 0.498798 , 0.0987849
-0.401219 , 0.493478 , 0.0945662
-0.39662 , 0.487221 , 0.0858058
-0.39662 , 0.487221 , 0.0858058
-0.397295 , 0.49273 , 0.092557
-0.399762 , 0.499513 , 0.0997965
-0.394275 , 0.507412 , 0.102742
-0.388623 , 0.515227 , 0.105714
-0.382808 , 0.522954 , 0.108714
-0.376832 , 0.53059 , 0.111741
-0.370696 , 0.538131 , 0.114793
-0.364401 , 0.545573 , 0.117872
-0.35795 , 0.552914 , 0.120975
-0.35676 , 0.56116 , 0.126807
-0.35311 , 0.568127 , 0.13533
-0.346203 , 0.575187 , 0.138578
-0.339145 , 0.58213 , 0.141848
-0.331939 , 0.588953 , 0.145138
-0.324586 , 0.595654 , 0.148449
-0.31709 , 0.602228 , 0.151779
-0.309451 , 0.608673 , 0.155129
-0.301674 , 0.614985 , 0.158496
-0.293759 , 0.621161 , 0.161882
-0.28571 , 0.627199 , 0.165284
-0.27753 , 0.633095 , 0.168704
-0.26922 , 0.638847 , 0.172138
-0.260784 , 0.644451 , 0.175588
-0.252224 , 0.649904 , 0.179053
-0.243544 , 0.655205 , 0.182531
-0.234746 , 0.660349 , 0.186023
-0.225834 , 0.665335 , 0.189527
-0.21681 , 0.670161 , 0.193043
-0.207678 , 0.674822 , 0.196571
-0.19844 , 0.679318 , 0.200109
-0.1891 , 0.683646 , 0.203657
-0.179662 , 0.687803 , 0.207214
-0.170129 , 0.691787 , 0.210779
-0.160503 , 0.695596 , 0.214353
-0.150789 , 0.699228 , 0.217934
-0.140991 , 0.702681 , 0.221522
-0.131111 , 0.705953 , 0.225115
-0.121153 , 0.709042 , 0.228714
-0.111122 , 0.711947 , 0.232317
-0.10102 , 0.714665 , 0.235924
-0.0908511 , 0.717196 , 0.239535
-0.0806198 , 0.719537 , 0.243148
-0.0703294 , 0.721687 , 0.246762
-0.0599839 , 0.723645 , 0.250378
-0.0495871 , 0.72541 , 0.253995
-0.039143 , 0.72698 , 0.257611
-0.0286554 , 0.728354 , 0.261227
-0.0181284 , 0.729532 , 0.264841
-0.00756594 , 0.730512 , 0.268453
0.00302801 , 0.731293 , 0.272062
0.0136494 , 0.731875 , 0.275668
0.0242942 , 0.732258 , 0.279269
0.0349583 , 0.732439 , 0.282866
0.0456376 , 0.73242 , 0.286457
0.0563281 , 0.7322 , 0.290042
0.0670257 , 0.731778 , 0.29362
0.0777263 , 0.731154 , 0.29719
0.0884257 , 0.730328 , 0.300753
0.0991198 , 0.7293 , 0.304306
0.109805 , 0.728071 , 0.30785
0.120476 , 0.726639 , 0.311384
0.13113 , 0.725006 , 0.314906
0.141762 , 0.723172 , 0.318418
0.152368 , 0.721138 , 0.321917
0.162945 , 0.718903 , 0.325404
0.173487 , 0.716468 , 0.328876
0.183992 , 0.713834 , 0.332335
0.194454 , 0.711003 , 0.335779
0.204871 , 0.707974 , 0.339208
0.215237 , 0.704749 , 0.342621
0.22555 , 0.701329 , 0.346017
0.235804 , 0.697714 , 0.349396
0.245997 , 0.693907 , 0.352756
0.256124 , 0.689908 , 0.356098
0.266181 , 0.685719 , 0.359421
0.276164 , 0.681342 , 0.362724
0.286071 , 0.676777 , 0.366007
0.295896 , 0.672027 , 0.369268
0.305637 , 0.667093 , 0.372508
0.315289 , 0.661978 , 0.375726
0.324849 , 0.656682 , 0.37892
0.334314 , 0.651209 , 0.382091
0.343679 , 0.645559 , 0.385238
0.352941 , 0.639736 , 0.38836
0.362098 , 0.633741 , 0.391457
0.371144 , 0.627577 , 0.394528
0.380078 , 0.621246 , 0.397572
0.388896 , 0.61475 , 0.400589
0.397594 , 0.608092 , 0.403579
0.40617 , 0.601275 , 0.40654
0.41462 , 0.594301 , 0.409472
0.422941 , 0.587173 , 0.412375
0.43113 , 0.579893 , 0.415248
0.439185 , 0.572465 , 0.418091
0.447102 , 0.564892 , 0.420902
0.454879 , 0.557175 , 0.423682
0.462513 , 0.549319 , 0.426429
0.470001 , 0.541327 , 0.429144
0.477341 , 0.533201 , 0.431825
0.48453 , 0.524945 , 0.434473
0.491566 , 0.516561 , 0.437086
0.498447 , 0.508054 , 0.439664
0.505169 , 0.499427 , 0.442207
0.511732 , 0.490682 , 0.444715
0.518132 , 0.481824 , 0.447185
0.524369 , 0.472855 , 0.449619
0.530439 , 0.46378 , 0.452016
0.536341 , 0.454602 , 0.454374
0.542074 , 0.445324 , 0.456694
0.547635 , 0.435951 , 0.458976
0.553022 , 0.426485 , 0.461218
0.558236 , 0.41693 , 0.46342
0.563273 , 0.407291 , 0.465582
0.568132 , 0.397571 , 0.467703
0.572813 , 0.387773 , 0.469783
0.577314 , 0.377901 , 0.471821
0.581634 , 0.36796 , 0.473818
0.585772 , 0.357953 , 0.475772
0.589727 , 0.347884 , 0.477683
0.593498 , 0.337756 , 0.47955
0.597085 , 0.327574 , 0.481375
0.600486 , 0.317342 , 0.483154
0.603702 , 0.307062 , 0.48489
0.606732 , 0.29674 , 0.48658
0.609575 , 0.28638 , 0.488226
0.612231 , 0.275984 , 0.489825
0.6147 , 0.265557 , 0.491379
0.616982 , 0.255103 , 0.492886
0.619076 , 0.244625 , 0.494347
0.620984 , 0.234128 , 0.49576
0.622705 , 0.223616 , 0.497126
0.624239 , 0.213091 , 0.498445
0.625586 , 0.202559 , 0.499715
0.622893 , 0.192503 , 0.508474
0.619113 , 0.191059 , 0.513315
0.616165 , 0.179915 , 0.518612
0.611336 , 0.177013 , 0.520044
0.609469 , 0.168676 , 0.525528
0.604221 , 0.164975 , 0.52763
0.601822 , 0.156881 , 0.531103
0.598234 , 0.15636 , 0.534208
0.595183 , 0.160835 , 0.5353
0.591542 , 0.160428 , 0.540166
0.588285 , 0.159352 , 0.541096
0.585584 , 0.158607 , 0.544177
0.584491 , 0.149528 , 0.549715
0.584307 , 0.141043 , 0.557861
0.584504 , 0.131551 , 0.557772
0.584553 , 0.122082 , 0.557644
0.584456 , 0.112639 , 0.557477
0.585275 , 0.107324 , 0.562658
0.581542 , 0.107304 , 0.565017
0.575421 , 0.100489 , 0.56507
0.571555 , 0.0899684 , 0.568978
0.566764 , 0.0886755 , 0.572024
0.560775 , 0.0800677 , 0.572615
0.554554 , 0.0786553 , 0.571923
0.553811 , 0.0694942 , 0.571403
0.54956 , 0.066172 , 0.568699
0.544991 , 0.0654626 , 0.566376
0.541449 , 0.0674578 , 0.570343
0.540392 , 0.0603714 , 0.573776
0.535506 , 0.0609703 , 0.571861
0.529816 , 0.0498593 , 0.574383
0.524944 , 0.0490548 , 0.573492
0.524858 , 0.0489166 , 0.574904
0.523004 , 0.0409289 , 0.57551
0.520673 , 0.0350963 , 0.57449
0.51621 , 0.0254904 , 0.573534
0.51002 , 0.01658 , 0.573362
0.503521 , 0.0139408 , 0.573343
0.501336 , 0.0167944 , 0.568764
0.497779 , 0.0156738 , 0.570632
0.493614 , 0.00941593 , 0.565618
0.49319 , 0.0110431 , 0.565727
0.49045 , 0.00487913 , 0.564234
0.487471 , -0.00126126 , 0.565343
0.481965 , -0.00944335 , 0.562593
0.477199 , -0.0161932 , 0.561481
0.473124 , -0.0178024 , 0.555602
0.468624 , -0.0231498 , 0.556914
0.467345 , -0.0243322 , 0.551347
0.465202 , -0.0221952 , 0.552342
0.46007 , -0.0280836 , 0.548311
0.4575 , -0.0290654 , 0.545437
0.452706 , -0.0363682 , 0.54486
0.451555 , -0.0341194 , 0.538811
0.448117 , -0.0346316 , 0.535016
0.448956 , -0.0347749 , 0.533071
0.451299 , -0.0337559 , 0.528476
0.450386 , -0.0315108 , 0.533616
0.44592 , -0.039456 , 0.534646
0.443788 , -0.0396295 , 0.529957
0.441006 , -0.0402127 , 0.522964
0.440396 , -0.0373408 , 0.515021
0.440363 , -0.0346973 , 0.508792
0.436855 , -0.0346377 , 0.502245
0.4358 , -0.0382709 , 0.499265
0.436441 , -0.0427169 , 0.496239
0.432205 , -0.0481262 , 0.493133
0.429977 , -0.0540284 , 0.491884
0.427698 , -0.0598619 , 0.490625
0.425369 , -0.0656271 , 0.489357
0.422923 , -0.0685045 , 0.485332
0.424173 , -0.0677868 , 0.480796
0.421602 , -0.0727414 , 0.481324
0.420771 , -0.0687406 , 0.475419
0.416977 , -0.0736419 , 0.471348
0.417582 , -0.0736783 , 0.47087
0.415472 , -0.0773054 , 0.471224
0.415669 , -0.078457 , 0.476757
0.413134 , -0.0775274 , 0.474299
0.412916 , -0.078238 , 0.471377
0.41297 , -0.074919 , 0.4665
0.413425 , -0.0712189 , 0.46061
0.41681 , -0.0694376 , 0.459257
0.416555 , -0.0666775 , 0.45604
0.421375 , -0.0633609 , 0.452976
0.424639 , -0.0606216 , 0.448756
0.427616 , -0.0578578 , 0.449102
0.427389 , -0.0600925 , 0.447689
0.432883 , -0.0538911 , 0.443962
0.435258 , -0.0536437 , 0.446577
0.435686 , -0.0604563 , 0.445341
0.437969 , -0.0593663 , 0.441296
0.44089 , -0.0562158 , 0.439512
0.442685 , -0.0500852 , 0.439825
0.444613 , -0.0503631 , 0.433699
0.445355 , -0.0466769 , 0.42693
0.448523 , -0.0443309 , 0.426788
0.448109 , -0.0373285 , 0.422873
0.449664 , -0.0314371 , 0.420943
0.453023 , -0.024737 , 0.41994
0.455251 , -0.0247532 , 0.413105
0.455918 , -0.0246835 , 0.409758
0.454292 , -0.026107 , 0.410581
0.455683 , -0.0311215 , 0.411297
0.460454 , -0.0260029 , 0.405462
0.463438 , -0.0278718 , 0.401512
0.462739 , -0.0304441 , 0.399502
0.466021 , -0.0294682 , 0.396275
0.467268 , -0.032203 , 0.394223
0.470662 , -0.0359784 , 0.394826
0.471215 , -0.0371181 , 0.390233
0.470838 , -0.0414805 , 0.392054
0.472527 , -0.0430599 , 0.38803
0.473978 , -0.0472831 , 0.391088
0.474964 , -0.0425629 , 0.393593
0.478669 , -0.0457002 , 0.393645
0.482378 , -0.0486497 , 0.39387
0.485451 , -0.0435377 , 0.391342
0.490924 , -0.0439742 , 0.387913
0.494279 , -0.0384899 , 0.387676
0.495173 , -0.0325886 , 0.388239
0.493816 , -0.0381638 , 0.386341
0.494945 , -0.0417346 , 0.387331
0.495072 , -0.0473319 , 0.391175
0.497715 , -0.0519737 , 0.395827
0.503192 , -0.0450598 , 0.394267
0.506251 , -0.0370659 , 0.391999
0.507016 , -0.0335794 , 0.391349
0.506476 , -0.0365333 , 0.386671
0.511189 , -0.0413356 , 0.387413
0.518505 , -0.0389458 , 0.386535
0.521661 , -0.0324669 , 0.38756
0.519886 , -0.0332152 , 0.387432
0.521715 , -0.0358186 , 0.390311
0.523821 , -0.0306857 , 0.389629
0.527503 , -0.0253258 , 0.38624
0.533599 , -0.0235009 , 0.389731
0.538656 , -0.0204152 , 0.388433
0.54204 , -0.0133966 , 0.390034
0.544781 , -0.0104621 , 0.389629
0.548665 , -0.00911216 , 0.385463
0.552753 , -0.00915927 , 0.384594
0.559559 , -0.010063 , 0.389578
0.566732 , -0.00221398 , 0.390187
0.571455 , 0.00445939 , 0.388121
0.578003 , 0.0106318 , 0.390829
0.581853 , 0.0204182 , 0.393018
0.586359 , 0.0187476 , 0.395652
0.588826 , 0.0191785 , 0.394046
0.595639 , 0.0220707 , 0.393631
0.601729 , 0.0302161 , 0.391492
0.601446 , 0.0351518 , 0.394531
0.602887 , 0.0372238 , 0.400229
0.60359 , 0.0419753 , 0.400084
0.607162 , 0.0356564 , 0.400972
0.6076 , 0.0428086 , 0.396917
0.609258 , 0.0539181 , 0.394592
0.610929 , 0.0533116 , 0.399979
0.611584 , 0.0599035 , 0.39857
0.6124 , 0.0677266 , 0.395043
0.617536 , 0.0769498 , 0.393477
0.623854 , 0.0838949 , 0.391284
0.626128 , 0.0863881 , 0.394436
0.632481 , 0.0916726 , 0.39828
0.634069 , 0.0824462 , 0.401705
0.634274 , 0.0896497 , 0.404543
0.636703 , 0.100652 , 0.398794
0.64362 , 0.106651 , 0.401754
0.647129 , 0.111145 , 0.404465
0.65317 , 0.116182 , 0.41011
0.655524 , 0.122749 , 0.420074
0.661128 , 0.119611 , 0.427072
0.665211 , 0.123974 , 0.433855
0.667894 , 0.131502 , 0.441303
0.668283 , 0.138964 , 0.440698
0.673719 , 0.144769 , 0.448613
0.676339 , 0.14706 , 0.451384
0.679082 , 0.158971 , 0.450275
0.68012 , 0.170517 , 0.449785
0.683563 , 0.17535 , 0.449477
0.688347 , 0.183055 , 0.450749
0.692582 , 0.187686 , 0.457902
0.698431 , 0.191263 , 0.464374
0.699516 , 0.189523 , 0.473742
0.703796 , 0.186219 , 0.484848
0.705172 , 0.192229 , 0.490724
0.711011 , 0.198266 , 0.495496
0.716897 , 0.192706 , 0.49906
0.718206 , 0.191902 , 0.500522
0.722251 , 0.203332 , 0.502995
0.722607 , 0.209797 , 0.509023
0.722303 , 0.217595 , 0.513973
0.724106 , 0.229211 , 0.519878
0.729785 , 0.233555 , 0.522279
0.728753 , 0.239399 , 0.526777
0.732288 , 0.249482 , 0.519408
0.736728 , 0.246908 , 0.52828
0.743636 , 0.245448 , 0.529718
0.746846 , 0.249985 , 0.535489
0.752097 , 0.256968 , 0.537106
0.755481 , 0.255346 , 0.533821
0.758559 , 0.253973 , 0.539267
0.760347 , 0.255156 , 0.538666
0.758925 , 0.265771 , 0.541708
0.758953 , 0.26447 , 0.549035
0.763607 , 0.255691 , 0.550825
0.766686 , 0.24576 , 0.555214
0.765873 , 0.252506 , 0.558662
0.763376 , 0.255363 , 0.565753
0.762194 , 0.259742 , 0.570821
0.76332 , 0.267315 , 0.580148
0.759389 , 0.272382 , 0.585529
0.757084 , 0.27569 , 0.586498
0.754997 , 0.275184 , 0.592726
0.749969 , 0.280467 , 0.596552
0.748603 , 0.280063 , 0.603255
0.746163 , 0.276522 , 0.613341
0.743121 , 0.276549 , 0.621535
0.739392 , 0.284249 , 0.627707
0.73891 , 0.286349 , 0.635996
0.734317 , 0.294165 , 0.633091
0.73208 , 0.300122 , 0.640964
0.731677 , 0.310739 , 0.644325
0.73379 , 0.29928 , 0.653909
0.732283 , 0.301429 , 0.657186
0.730882 , 0.304789 , 0.666752
0.730762 , 0.304794 , 0.671025
0.72854 , 0.31021 , 0.668014
0.728415 , 0.316939 , 0.671373
0.732206 , 0.306478 , 0.670944
0.735395 , 0.29582 , 0.678139
0.735064 , 0.295311 , 0.684488
0.737223 , 0.298568 , 0.686667
0.741762 , 0.300403 , 0.690306
0.739643 , 0.309059 , 0.692013
0.737905 , 0.317067 , 0.69322
0.73456 , 0.321814 , 0.694743
0.735606 , 0.324627 , 0.690824
0.729738 , 0.333979 , 0.693821
0.727964 , 0.340527 , 0.694262
0.731841 , 0.329889 , 0.70203
0.735966 , 0.323654 , 0.707349
0.737078 , 0.318186 , 0.708861
0.742515 , 0.31107 , 0.704161
0.739031 , 0.315163 , 0.704976
0.740743 , 0.308031 , 0.715486
0.743015 , 0.300771 , 0.721878
0.738653 , 0.308171 , 0.721881
0.733199 , 0.303618 , 0.729116
0.732049 , 0.309059 , 0.726711
0.735062 , 0.315603 , 0.721891
0.738069 , 0.30268 , 0.727734
0.736692 , 0.301471 , 0.732035
0.737327 , 0.297493 , 0.737312
0.738491 , 0.301655 , 0.73197
0.737624 , 0.312294 , 0.726652
0.740228 , 0.318159 , 0.714325
0.740175 , 0.315157 , 0.720334
0.735632 , 0.312204 , 0.729503
0.733731 , 0.312474 , 0.737097
0.739828 , 0.299656 , 0.735757
0.74023 , 0.283953 , 0.740554
0.740764 , 0.280819 , 0.745831
0.740987 , 0.279675 , 0.753638
0.740514 , 0.280656 , 0.755711
0.739833 , 0.289158 , 0.757178
0.738911 , 0.292182 , 0.75782
0.736877 , 0.295064 , 0.760481
0.736519 , 0.299917 , 0.760293
0.734281 , 0.302104 , 0.770873
0.733996 , 0.307566 , 0.771627
0.735594 , 0.32038 , 0.765953
0.731695 , 0.318524 , 0.776698
0.732046 , 0.323974 , 0.779112
0.730324 , 0.327692 , 0.781822
0.737495 , 0.319597 , 0.781657
0.736194 , 0.322039 , 0.788871
0.737411 , 0.333544 , 0.781516
0.74266 , 0.337234 , 0.773472
0.742326 , 0.336799 , 0.77877
0.734503 , 0.329281 , 0.792002
0.733773 , 0.335073 , 0.793008
0.736323 , 0.342445 , 0.782615
0.732368 , 0.349571 , 0.787964
0.729931 , 0.352807 , 0.791196
0.728797 , 0.354122 , 0.799325
0.728391 , 0.343535 , 0.808462
0.727852 , 0.329428 , 0.815825
0.727923 , 0.317252 , 0.822737
0.728645 , 0.308004 , 0.826665
0.727181 , 0.314839 , 0.826346
0.73045 , 0.309851 , 0.832535
0.730649 , 0.298152 , 0.834981
0.733129 , 0.289411 , 0.83474
0.731884 , 0.296358 , 0.834197
0.735308 , 0.292193 , 0.832169
0.738706 , 0.286433 , 0.836355
0.731839 , 0.285458 , 0.848781
0.728418 , 0.294135 , 0.850465
0.727222 , 0.30251 , 0.85115
0.721587 , 0.31173 , 0.852599
0.718604 , 0.319754 , 0.854624
0.716771 , 0.320839 , 0.862385
0.716505 , 0.310286 , 0.871418
0.713011 , 0.313736 , 0.877837
0.713671 , 0.306781 , 0.883685
0.710459 , 0.312265 , 0.890157
0.708252 , 0.303449 , 0.898273
0.707057 , 0.310293 , 0.896872
0.69961 , 0.304306 , 0.905524
0.691512 , 0.302999 , 0.914646
0.691219 , 0.303956 , 0.917242
0.69232 , 0.311132 , 0.911257
0.690079 , 0.313873 , 0.916114
0.687896 , 0.299298 , 0.922481
0.687883 , 0.307161 , 0.921857
0.680626 , 0.306932 , 0.932134
0.674164 , 0.31684 , 0.937961
0.662797 , 0.309212 , 0.949277
0.65363 , 0.306288 , 0.962524
0.651337 , 0.30753 , 0.965729
0.644317 , 0.313158 , 0.972604
0.642252 , 0.316801 , 0.974967
0.644226 , 0.310931 , 0.976866
0.641088 , 0.31211 , 0.982155
0.6442 , 0.305953 , 0.983915
0.640032 , 0.310715 , 0.989522
0.639654 , 0.303845 , 0.995713
0.640769 , 0.316092 , 0.99145
0.636115 , 0.319543 , 0.99831
0.630187 , 0.320857 , 1.00383
0.630599 , 0.311803 , 1.00753
0.638884 , 0.308544 , 1.00321
0.63909 , 0.302452 , 1.00855
0.633837 , 0.311609 , 1.01321
0.627696 , 0.317788 , 1.01662
0.634305 , 0.32858 , 1.0107
0.629001 , 0.335849 , 1.01237
0.623251 , 0.333921 , 1.02264
0.617396 , 0.338046 , 1.02668
0.616616 , 0.330213 , 1.03386
0.607991 , 0.33731 , 1.04032
0.60562 , 0.338604 , 1.04234
0.606293 , 0.332616 , 1.04504
0.60602 , 0.343286 , 1.04098
0.59873 , 0.348546 , 1.04571
0.592309 , 0.355369 , 1.05092
0.584353 , 0.359761 , 1.05695
0.583508 , 0.372136 , 1.05378
0.576966 , 0.378294 , 1.05873
0.565266 , 0.376909 , 1.06783
0.555958 , 0.377286 , 1.07578
0.547024 , 0.376536 , 1.08391
0.538404 , 0.379838 , 1.08872
0.533547 , 0.385493 , 1.0911
0.531806 , 0.400146 , 1.08545
0.524722 , 0.402162 , 1.09125
0.513456 , 0.395938 , 1.10204
0.502778 , 0.39071 , 1.1122
0.498981 , 0.399755 , 1.11025
0.495704 , 0.401564 , 1.11098
0.489816 , 0.41183 , 1.11019
0.481786 , 0.416044 , 1.11395
0.477449 , 0.415649 , 1.11722
0.466512 , 0.412423 , 1.12584
0.463214 , 0.42027 , 1.12283
0.456922 , 0.42496 , 1.12318
0.450256 , 0.422556 , 1.12915
0.440125 , 0.421792 , 1.13534
0.432781 , 0.423019 , 1.13833
0.434186 , 0.441389 , 1.12987
0.427728 , 0.439487 , 1.13442
0.422753 , 0.440804 , 1.13558
0.416573 , 0.451909 , 1.13405
0.408063 , 0.452132 , 1.13605
0.40198 , 0.445447 , 1.14023
0.394077 , 0.438966 , 1.14479
0.395119 , 0.431675 , 1.14773
0.397045 , 0.416635 , 1.15367
0.398683 , 0.401515 , 1.15946
0.40003 , 0.386321 , 1.1651
0.401087 , 0.371061 , 1.17059
0.401851 , 0.355741 , 1.17594
0.402323 , 0.340368 , 1.18113
0.4025 , 0.324951 , 1.18616
0.402384 , 0.309495 , 1.19104
0.401974 , 0.294008 , 1.19575
0.401268 , 0.278497 , 1.20031
0.400269 , 0.26297 , 1.20471
0.398976 , 0.247434 , 1.20894
0.397389 , 0.231896 , 1.21301
0.395509 , 0.216363 , 1.21691
0.393337 , 0.200843 , 1.22065
0.390874 , 0.185343 , 1.22421
0.388121 , 0.16987 , 1.22761
0.385081 , 0.154432 , 1.23083
0.381753 , 0.139035 , 1.23389
0.378141 , 0.123688 , 1.23677
0.374245 , 0.108396 , 1.23947
0.370069 , 0.0931673 , 1.242
0.365615 , 0.0780089 , 1.24436
0.354341 , 0.0661011 , 1.24995
0.34301 , 0.0540476 , 1.25518
0.331627 , 0.0418554 , 1.26007
0.327008 , 0.0324754 , 1.26255
0.327584 , 0.0300384 , 1.26308
0.337617 , 0.0350939 , 1.25979
0.331156 , 0.0197567 , 1.26186
0.324423 , 0.00454117 , 1.26372
0.325734 , -0.00278175 , 1.26287
0.318323 , -0.0180549 , 1.26449
0.327447 , -0.0141865 , 1.26174
0.320624 , -0.0248148 , 1.26254
0.313842 , -0.0354531 , 1.26309
0.319839 , -0.0365809 , 1.25995
0.323049 , -0.0378761 , 1.25755
0.326285 , -0.0429012 , 1.25519
0.328043 , -0.0490347 , 1.25324
0.329306 , -0.0535686 , 1.25076
0.323093 , -0.0614996 , 1.2526
0.317087 , -0.0710689 , 1.25237
0.323407 , -0.07032 , 1.25013
0.323155 , -0.0768704 , 1.24933
0.314924 , -0.0906618 , 1.24972
0.318879 , -0.0899839 , 1.24791
0.310479 , -0.103468 , 1.24809
0.301893 , -0.116775 , 1.24808
0.30351 , -0.120369 , 1.24724
0.306104 , -0.122901 , 1.2461
0.307538 , -0.126858 , 1.24439
0.314374 , -0.124702 , 1.24081
0.320593 , -0.121201 , 1.23916
0.329066 , -0.118127 , 1.23642
0.333307 , -0.118774 , 1.23286
0.325085 , -0.130897 , 1.23281
0.334095 , -0.128366 , 1.22858
0.327496 , -0.137501 , 1.22783
0.331433 , -0.139081 , 1.22416
0.336463 , -0.138643 , 1.22191
0.336857 , -0.143694 , 1.22079
0.335513 , -0.149419 , 1.21835
0.338106 , -0.150392 , 1.21745
0.330129 , -0.161278 , 1.21695
0.342113 , -0.157202 , 1.21167
0.340296 , -0.15958 , 1.21032
0.333827 , -0.167934 , 1.20937
0.327347 , -0.176171 , 1.2083
0.33862 , -0.171055 , 1.20331
0.329382 , -0.181041 , 1.20363
0.327518 , -0.185309 , 1.20383
0.339939 , -0.178431 , 1.1998
0.345878 , -0.177707 , 1.19609
0.348636 , -0.179283 , 1.19357
0.350127 , -0.182627 , 1.1917
0.341497 , -0.192264 , 1.19132
0.348329 , -0.190396 , 1.18952
0.349142 , -0.193742 , 1.188
0.342477 , -0.203277 , 1.18708
0.341917 , -0.205626 , 1.18841
0.345752 , -0.204725 , 1.18775
0.337374 , -0.213106 , 1.18733
0.335825 , -0.214146 , 1.18912
0.346281 , -0.210446 , 1.1859
0.34462 , -0.211296 , 1.18753
0.344012 , -0.212609 , 1.18721
0.348448 , -0.211918 , 1.18332
0.349287 , -0.215226 , 1.17963
0.348367 , -0.218666 , 1.17819
0.351518 , -0.219419 , 1.17621
0.347691 , -0.223646 , 1.17732
0.342286 , -0.227114 , 1.18027
0.339695 , -0.227237 , 1.18209
0.336376 , -0.227184 , 1.18444
0.331229 , -0.228488 , 1.18841
0.333726 , -0.226483 , 1.18858
0.337807 , -0.224237 , 1.18849
0.339022 , -0.225856 , 1.18758
0.349667 , -0.219778 , 1.18288
0.3451 , -0.226101 , 1.18028
0.345174 , -0.225654 , 1.18115
0.345181 , -0.225456 , 1.18196
0.351216 , -0.22551 , 1.17799
0.355131 , -0.220942 , 1.1774
0.346263 , -0.227934 , 1.1782
0.349095 , -0.226997 , 1.17644
0.343645 , -0.231893 , 1.17592
0.339063 , -0.236512 , 1.17475
0.352444 , -0.232142 , 1.16996
0.345196 , -0.237565 , 1.16826
0.351484 , -0.237046 , 1.16341
0.357199 , -0.232313 , 1.16293
0.348382 , -0.238498 , 1.16408
0.351 , -0.238833 , 1.1619
0.357359 , -0.239584 , 1.15742
0.353738 , -0.24507 , 1.15678
0.348172 , -0.248818 , 1.15896
0.359586 , -0.246454 , 1.1563
0.356217 , -0.247513 , 1.15798
0.356279 , -0.250451 , 1.15535
0.34741 , -0.256093 , 1.15683
0.354042 , -0.253277 , 1.15795
0.344705 , -0.258963 , 1.15968
0.350184 , -0.257499 , 1.15944
0.34769 , -0.261886 , 1.15784
0.348769 , -0.262903 , 1.15749
0.353593 , -0.261824 , 1.1575
0.348864 , -0.264705 , 1.16065
0.341504 , -0.266588 , 1.16223
0.348886 , -0.264124 , 1.16
0.350582 , -0.266193 , 1.15793
0.35495 , -0.269581 , 1.15217
0.353646 , -0.274364 , 1.15198
0.350639 , -0.277866 , 1.15097
0.352464 , -0.276385 , 1.14949
0.353577 , -0.276378 , 1.14723
0.352074 , -0.276557 , 1.14755
0.359062 , -0.275365 , 1.14277
0.353477 , -0.281846 , 1.14028
0.361727 , -0.2841 , 1.13302
0.36428 , -0.284951 , 1.12804
0.361166 , -0.290603 , 1.12546
0.362052 , -0.293686 , 1.12011
0.362118 , -0.299253 , 1.11473
0.367022 , -0.298638 , 1.11111
0.361961 , -0.303269 , 1.11064
0.367078 , -0.305041 , 1.10443
0.360442 , -0.311443 , 1.10221
0.369576 , -0.311057 , 1.09577
0.36633 , -0.31251 , 1.09507
0.370997 , -0.316623 , 1.08992
0.368919 , -0.322026 , 1.0853
0.364683 , -0.326847 , 1.08176
0.362469 , -0.32955 , 1.08047
0.370432 , -0.331966 , 1.07571
0.367269 , -0.336114 , 1.07551
0.359032 , -0.342909 , 1.07399
0.363116 , -0.348936 , 1.06924
0.365851 , -0.353082 , 1.06719
0.362434 , -0.353965 , 1.07243
0.364247 , -0.354715 , 1.07031
0.362181 , -0.360737 , 1.06457
0.357851 , -0.363189 , 1.06495
0.362478 , -0.368774 , 1.0597
0.35694 , -0.37435 , 1.05833
0.36204 , -0.376698 , 1.05116
0.357142 , -0.382372 , 1.0487
0.360851 , -0.387502 , 1.04293
0.350075 , -0.391638 , 1.04563
0.35416 , -0.394698 , 1.04614
0.355986 , -0.400096 , 1.04588
0.356651 , -0.406356 , 1.04088
0.347233 , -0.412225 , 1.03855
0.351094 , -0.414347 , 1.03405
0.34932 , -0.418198 , 1.0311
0.353331 , -0.420557 , 1.02664
0.345347 , -0.426262 , 1.02659
0.346426 , -0.428221 , 1.02013
0.342917 , -0.432632 , 1.01458
0.337873 , -0.437425 , 1.0093
0.33707 , -0.439021 , 1.00747
0.335376 , -0.441689 , 1.00247
0.329961 , -0.44598 , 0.996377
0.332922 , -0.448373 , 0.987354
0.322891 , -0.453799 , 0.984581
0.32639 , -0.458013 , 0.977916
0.316147 , -0.463275 , 0.975125
0.317373 , -0.465901 , 0.972803
0.318565 , -0.468631 , 0.969312
0.30806 , -0.473325 , 0.966547
0.306658 , -0.478493 , 0.958458
0.303383 , -0.481741 , 0.952479
0.303853 , -0.483327 , 0.95025
0.301412 , -0.484583 , 0.944919
0.299932 , -0.490129 , 0.943479
0.288732 , -0.494537 , 0.940921
0.278161 , -0.496975 , 0.942448
0.279681 , -0.501889 , 0.934212
0.285207 , -0.50901 , 0.92401
0.281978 , -0.511443 , 0.924394
0.281953 , -0.515067 , 0.91925
0.281401 , -0.516375 , 0.910748
0.279755 , -0.516131 , 0.902369
0.277995 , -0.519843 , 0.8939
0.274543 , -0.522461 , 0.89053
0.269522 , -0.52399 , 0.883196
0.268373 , -0.529597 , 0.877574
0.266543 , -0.531481 , 0.869422
0.254686 , -0.534717 , 0.86677
0.249212 , -0.543063 , 0.864863
0.250915 , -0.547431 , 0.861459
0.246469 , -0.551512 , 0.855685
0.239307 , -0.556689 , 0.853259
0.226143 , -0.558871 , 0.852695
0.212962 , -0.560754 , 0.852124
0.211787 , -0.568903 , 0.843107
0.208775 , -0.569149 , 0.844687
0.206091 , -0.573157 , 0.840649
0.202929 , -0.575258 , 0.831291
0.190538 , -0.577423 , 0.832229
0.189221 , -0.580185 , 0.827633
0.183675 , -0.580765 , 0.818681
0.17725 , -0.587127 , 0.813181
0.171742 , -0.588578 , 0.807433
0.171041 , -0.590664 , 0.807356
0.158078 , -0.591736 , 0.805426
0.161092 , -0.592263 , 0.797601
0.16418 , -0.593379 , 0.800414
0.158706 , -0.597228 , 0.799979
0.145783 , -0.597997 , 0.798159
0.141012 , -0.606588 , 0.793684
0.134873 , -0.609568 , 0.787296
0.122711 , -0.610124 , 0.787806
0.110578 , -0.610436 , 0.788313
0.0984795 , -0.610506 , 0.788817
0.0944913 , -0.613699 , 0.787749
0.0920624 , -0.619448 , 0.78869
0.0981813 , -0.619617 , 0.788534
0.106305 , -0.621233 , 0.782078
0.10459 , -0.618241 , 0.781357
0.110968 , -0.622723 , 0.775541
0.119309 , -0.626438 , 0.774099
0.122339 , -0.629234 , 0.77533
0.118897 , -0.62604 , 0.775324
0.124649 , -0.628135 , 0.767222
0.112405 , -0.628575 , 0.767715
0.100191 , -0.628776 , 0.768205
0.0880105 , -0.628738 , 0.768692
0.0758681 , -0.628462 , 0.769176
0.0637685 , -0.627951 , 0.769656
0.0517163 , -0.627205 , 0.770134
0.0483389 , -0.629612 , 0.767997
0.0551489 , -0.634486 , 0.759872
0.0627998 , -0.637518 , 0.746697
0.0588054 , -0.63521 , 0.741884
0.0564735 , -0.635006 , 0.738264
0.0633336 , -0.636725 , 0.724081
0.0659919 , -0.637431 , 0.721205
0.0763184 , -0.637992 , 0.717279
0.0849792 , -0.636865 , 0.708968
0.0975693 , -0.64022 , 0.698981
0.104857 , -0.639839 , 0.687623
0.110754 , -0.638474 , 0.685751
0.115498 , -0.641849 , 0.675109
0.126709 , -0.64132 , 0.665944
0.139647 , -0.641725 , 0.654649
0.149595 , -0.64039 , 0.645772
0.152376 , -0.63844 , 0.634205
0.159455 , -0.638869 , 0.621005
0.163044 , -0.635327 , 0.612608
0.164634 , -0.636229 , 0.600497
0.169713 , -0.636101 , 0.595034
0.168625 , -0.636493 , 0.598293
0.176467 , -0.641375 , 0.592414
0.182377 , -0.641935 , 0.587608
0.188677 , -0.647304 , 0.579516
0.186106 , -0.651518 , 0.576862
0.190989 , -0.65195 , 0.570057
0.197384 , -0.652493 , 0.563825
0.193734 , -0.650694 , 0.558702
0.197897 , -0.649051 , 0.553875
0.204347 , -0.643969 , 0.54625
0.211879 , -0.639186 , 0.537835
0.216637 , -0.637804 , 0.536191
0.210341 , -0.637679 , 0.535921
0.204618 , -0.638062 , 0.537777
0.211168 , -0.635086 , 0.533045
0.214156 , -0.639379 , 0.530945
0.215524 , -0.636283 , 0.521723
0.211121 , -0.635852 , 0.521389
0.212991 , -0.627724 , 0.524408
0.215186 , -0.627355 , 0.533076
0.217826 , -0.628535 , 0.535371
0.216234 , -0.626466 , 0.525004
0.211253 , -0.624144 , 0.523782
0.212136 , -0.620902 , 0.512686
0.215067 , -0.617129 , 0.50705
0.21446 , -0.614688 , 0.507943
0.203584 , -0.61447 , 0.506209
0.20556 , -0.608179 , 0.498713
0.210091 , -0.604463 , 0.497795
0.211129 , -0.604345 , 0.490887
0.201237 , -0.602683 , 0.49039
0.201328 , -0.598676 , 0.485114
0.202318 , -0.596788 , 0.480257
0.204897 , -0.590409 , 0.474662
0.206174 , -0.586133 , 0.470949
0.203727 , -0.582948 , 0.460502
0.201004 , -0.580714 , 0.450181
0.199745 , -0.577934 , 0.441438
0.205325 , -0.575304 , 0.432161
0.20739 , -0.577388 , 0.427914
0.215563 , -0.579385 , 0.421523
0.219922 , -0.577176 , 0.409773
0.220531 , -0.576567 , 0.4096
0.216952 , -0.574468 , 0.405054
0.21803 , -0.569853 , 0.400507
0.225737 , -0.570631 , 0.39887
0.223771 , -0.565114 , 0.39257
0.224201 , -0.559869 , 0.38493
0.21946 , -0.554307 , 0.38393
0.223169 , -0.550475 , 0.37539
0.220653 , -0.546541 , 0.369739
0.220668 , -0.540202 , 0.367205
0.218824 , -0.533881 , 0.365752
0.213642 , -0.528721 , 0.361694
0.216033 , -0.526699 , 0.360398
0.219354 , -0.525812 , 0.361393
0.21842 , -0.522493 , 0.358985
0.215984 , -0.515757 , 0.353079
0.217459 , -0.51003 , 0.349487
0.221891 , -0.504309 , 0.347999
0.221011 , -0.497242 , 0.343608
0.226536 , -0.491555 , 0.338307
0.229899 , -0.486543 , 0.336572
0.233157 , -0.483223 , 0.33634
0.2305 , -0.48071 , 0.337561
0.233741 , -0.477177 , 0.334068
0.229661 , -0.473786 , 0.337576
0.219852 , -0.469301 , 0.33977
0.22267 , -0.464085 , 0.339734
0.222741 , -0.457428 , 0.337195
0.216609 , -0.452819 , 0.337627
0.214826 , -0.450928 , 0.337874
0.218887 , -0.448629 , 0.333266
0.220063 , -0.449085 , 0.335221
0.220364 , -0.444872 , 0.335035
0.222322 , -0.440834 , 0.333959
0.229355 , -0.437026 , 0.326851
0.22755 , -0.432297 , 0.325535
0.218299 , -0.43076 , 0.330574
0.21977 , -0.42837 , 0.330734
0.219398 , -0.424211 , 0.328976
0.221256 , -0.421268 , 0.329516
0.217222 , -0.419815 , 0.333745
0.209326 , -0.420462 , 0.332727
0.205944 , -0.417791 , 0.336095
0.204285 , -0.419839 , 0.341109
0.20244 , -0.417008 , 0.342921
0.202082 , -0.414211 , 0.343145
0.211064 , -0.414031 , 0.338756
0.213223 , -0.41259 , 0.338022
0.212354 , -0.408303 , 0.337341
0.205215 , -0.406362 , 0.342421
0.203767 , -0.403277 , 0.344753
0.205102 , -0.400431 , 0.342793
0.204774 , -0.395557 , 0.345017
0.20567 , -0.396623 , 0.34657
0.197138 , -0.396445 , 0.351911
0.189997 , -0.398627 , 0.352121
0.187815 , -0.395514 , 0.357257
0.177822 , -0.395004 , 0.363846
0.176591 , -0.393195 , 0.364347
0.170899 , -0.396578 , 0.367818
0.16637 , -0.396387 , 0.373464
0.171836 , -0.394106 , 0.372097
0.17272 , -0.393808 , 0.373943
0.167411 , -0.392956 , 0.377613
0.165436 , -0.390643 , 0.380801
0.165175 , -0.388514 , 0.383292
0.170636 , -0.384207 , 0.379971
0.175698 , -0.382364 , 0.377244
0.167363 , -0.381967 , 0.379971
0.166885 , -0.380935 , 0.38045
0.16774 , -0.380198 , 0.381875
0.162513 , -0.38138 , 0.385485
0.162701 , -0.381654 , 0.385703
0.166761 , -0.377332 , 0.384221
0.162288 , -0.379464 , 0.387102
0.161295 , -0.381269 , 0.389616
0.163748 , -0.380512 , 0.390522
0.157854 , -0.379394 , 0.393041
0.157408 , -0.382502 , 0.394948
0.150133 , -0.383189 , 0.396559
0.143846 , -0.382286 , 0.396488
0.141752 , -0.384625 , 0.394828
0.138795 , -0.386196 , 0.392077
0.139941 , -0.385705 , 0.391486
0.135396 , -0.388301 , 0.390769
0.130807 , -0.390867 , 0.39006
0.134959 , -0.391814 , 0.387267
0.130115 , -0.39444 , 0.386639
0.135888 , -0.39233 , 0.380869
0.131196 , -0.394977 , 0.380144
0.133587 , -0.394304 , 0.373754
0.128094 , -0.395408 , 0.371392
0.125753 , -0.397816 , 0.369739
0.125172 , -0.396562 , 0.370029
0.120711 , -0.399026 , 0.369091
0.111274 , -0.399438 , 0.372074
0.114326 , -0.399477 , 0.366712
0.112744 , -0.402369 , 0.366364
0.108071 , -0.404801 , 0.365376
0.100165 , -0.40393 , 0.368517
0.0935418 , -0.405517 , 0.371856
0.0918645 , -0.407041 , 0.371505
0.0911456 , -0.406097 , 0.370837
0.0848316 , -0.405111 , 0.374042
0.0814538 , -0.406526 , 0.369129
0.0815084 , -0.407537 , 0.370299
0.0857417 , -0.406953 , 0.36696
0.0802126 , -0.4111 , 0.368328
0.0778601 , -0.41147 , 0.36811
0.0758559 , -0.40796 , 0.368651
0.0760502 , -0.405455 , 0.365215
0.0713186 , -0.40732 , 0.363558
0.066559 , -0.409155 , 0.361907
0.0617712 , -0.410959 , 0.360264
0.0527617 , -0.413273 , 0.361046
0.0516518 , -0.417201 , 0.360571
0.047933 , -0.419921 , 0.361859
0.0479895 , -0.418102 , 0.358263
0.0514186 , -0.418205 , 0.355288
0.0479062 , -0.418063 , 0.357457
0.0407375 , -0.420211 , 0.360906
0.0385138 , -0.422263 , 0.362729
0.0338086 , -0.422808 , 0.363685
0.0264551 , -0.424232 , 0.365104
0.018478 , -0.425236 , 0.368112
0.0169933 , -0.427134 , 0.367283
0.0173075 , -0.431161 , 0.366641
0.0178517 , -0.433392 , 0.368277
0.0225078 , -0.43436 , 0.366906
0.0188009 , -0.436566 , 0.370293
0.0198569 , -0.433141 , 0.368078
0.0193432 , -0.436327 , 0.369644
0.0130743 , -0.439273 , 0.372613
0.00717214 , -0.441393 , 0.372148
0.00762906 , -0.444932 , 0.372135
0.00646515 , -0.446631 , 0.369858
0.00803692 , -0.450099 , 0.366347
0.00244942 , -0.450937 , 0.363822
0.00576626 , -0.449481 , 0.357291
0.00880425 , -0.451859 , 0.350449
0.00332276 , -0.452574 , 0.347791
-0.00214889 , -0.453251 , 0.345136
-0.000653522 , -0.455344 , 0.34037
0.00189095 , -0.45613 , 0.336565
0.00573959 , -0.45654 , 0.332419
0.00623392 , -0.461236 , 0.329346
0.00486839 , -0.464435 , 0.32937
0.00659382 , -0.468265 , 0.326712
0.000950255 , -0.471072 , 0.32407
-0.00396252 , -0.471642 , 0.321038
0.000969061 , -0.473336 , 0.316303
-0.00419576 , -0.473985 , 0.313233
-0.000691268 , -0.477201 , 0.305985
-0.00648224 , -0.475826 , 0.301156
-0.0121614 , -0.474505 , 0.297033
-0.00672496 , -0.474178 , 0.288339
0.000364094 , -0.475098 , 0.282314
-0.00297172 , -0.479106 , 0.278724
-0.0038778 , -0.483708 , 0.276946
-0.0114964 , -0.487081 , 0.276057
-0.00795881 , -0.489062 , 0.270922
-0.0128927 , -0.489601 , 0.267559
-0.0177956 , -0.490137 , 0.26421
-0.022669 , -0.490673 , 0.260874
-0.0275143 , -0.49121 , 0.257554
-0.0323331 , -0.491748 , 0.25425
-0.0371271 , -0.492289 , 0.250964
-0.0418979 , -0.492834 , 0.247697
-0.0466471 , -0.493384 , 0.244449
-0.0513765 , -0.49394 , 0.241223
-0.0560878 , -0.494503 , 0.238018
-0.0607829 , -0.495073 , 0.234837
-0.0654635 , -0.495652 , 0.23168
-0.0701314 , -0.49624 , 0.228548
-0.0747885 , -0.496837 , 0.225443
-0.0794367 , -0.497444 , 0.222365
-0.0840778 , -0.498061 , 0.219316
-0.0887138 , -0.498689 , 0.216297
-0.0933465 , -0.499328 , 0.213308
-0.0979779 , -0.499978 , 0.210351
-0.10261 , -0.500638 , 0.207427
-0.107244 , -0.50131 , 0.204536
-0.111883 , -0.501993 , 0.201681
