2
640 480
514.682       0     320
      0 514.682     240
      0       0       1
0 0 0 0
          -1 -1.10991e-16  5.17558e-17
-1.22465e-16     0.906308    -0.422618
           0    -0.422618    -0.906308
         0.2    -0.376247      1.63742
640 480
514.682       0     320
      0 514.682     240
      0       0       1
0 0 0 0
          -1 -1.10991e-16  5.17558e-17
-1.22465e-16     0.906308    -0.422618 
           0    -0.422618    -0.906308                                   
4.60769e-17     -0.376247      1.63742

